id,key,value,type
21702193,barrier,bollard,regular
34046630,name,Zwembad Dol-Fijn,regular
34046630,leisure,sports_centre,regular
44348591,bus,yes,regular
44348591,name,Verploegh Chasseplein,regular
44348591,zone,5329,regular
44348591,highway,bus_stop,regular
44348591,shelter,yes,regular
44348591,operator,RET;Qbuzz;Veolia Transport,regular
44348591,route_ref,126;425;56,regular
44348591,public_transport,stop_position,regular
44360779,access,private,regular
44360779,barrier,gate,regular
44364300,barrier,bollard,regular
44364300,bicycle,yes,regular
44386938,ref,8,regular
44386938,name,Vlaardingen-West,regular
44386938,source,AND,regular
44386938,highway,motorway_junction,regular
44780994,source,AND,regular
44780994,highway,traffic_signals,regular
44824659,source,AND,regular
44824659,traffic_calming,bump,regular
44826470,highway,traffic_signals,regular
44826470,traffic_signals,signal,regular
44829650,source,AND,regular
44829650,highway,traffic_signals,regular
44834700,noexit,yes,regular
203405707,source,extrapolation,regular
203405707,end_date,2013-03,regular
203405707,ref,1,removed
203405707,power,tower,removed
203405707,tower,air_to_ground,removed
203405707,design,donau,removed
250185200,amenity,parking,regular
250185200,created_by,Potlatch 0.7b,regular
250212728,name,Harreweg,regular
250212728,railway,tram_stop,regular
250212728,public_transport,stop_position,regular
311053740,amenity,post_box,regular
311053740,operator,PostNL,regular
322088946,ref,7,regular
322088946,name,Maassluis,regular
322088946,highway,motorway_junction,regular
339252811,created_by,Merkaartor 0.12,regular
339252904,created_by,Merkaartor 0.12,regular
339252985,created_by,Merkaartor 0.12,regular
347702739,highway,traffic_signals,regular
360449536,created_by,Merkaartor 0.12,regular
367667726,amenity,bench,regular
387904183,access,destination,regular
387904183,barrier,gate,regular
393437211,amenity,bench,regular
552445526,city,Delft,addr
552445526,street,Oude Delft,addr
552445526,country,NL,addr
552445526,postcode,2611BD,addr
552445526,housename,Appartementen,addr
552445526,housenumber,91A-X,addr
552445526,interpolation,alphabetic,addr
599513443,height,54,regular
599513443,man_made,antenna,regular
599513443,technology,UMTS,regular
599513443,type,communication,tower
599527423,height,21,regular
599527423,man_made,tower,regular
599527423,technology,UMTS,regular
599527423,type,communication,tower
599543574,height,30,regular
599543574,man_made,antenna,regular
599543574,technology,GSM 1800,regular
599543574,type,communication,tower
599617270,height,22,regular
599617270,man_made,tower,regular
599617270,technology,GSM 1800,regular
599617270,type,communication,tower
691861473,name,'t Hoek,regular
691861473,shop,supermarket,regular
691861473,phone,0703947740,contact
767413850,amenity,parking,regular
800968928,amenity,parking,regular
841483998,atm,yes,regular
841483998,name,ING,regular
841483998,amenity,bank,regular
932373763,source,survey,regular
932373763,traffic_calming,bump,regular
955001929,name,Bibliotheek Maassluis,regular
955001929,amenity,library,regular
1010668062,amenity,bicycle_parking,regular
1055364936,railway,level_crossing,regular
1117087382,barrier,gate,regular
1126847060,traffic_calming,bump,regular
1140219919,highway,crossing,regular
1140219919,crossing,traffic_signals,regular
1325493693,name,De Kapel,regular
1325493693,traffic_sign,city_limit,regular
1326683269,barrier,bollard,regular
1355631961,bus,yes,regular
1355631961,name,Camping Delftse Hout,regular
1355631961,source,Veolia Transport,regular
1355631961,highway,bus_stop,regular
1355631961,shelter,yes,regular
1355631961,operator,Veolia Transport,regular
1355631961,route_ref,80,regular
1355631961,public_transport,stop_position,regular
1378912505,source,local_knowledge,regular
1378912505,amenity,waste_basket,regular
1379304633,source,local_knowledge,regular
1379304633,amenity,bench,regular
1391283657,source,survey,regular
1391283657,amenity,bench,regular
1393791984,source,survey,regular
1393791984,amenity,bench,regular
1398683877,source,local_knowledge,regular
1398683877,leisure,playground,regular
1402598685,ref,8,regular
1402598685,name,Delft-Noord,regular
1402598685,source,AND,regular
1402598685,highway,motorway_junction,regular
1402734845,highway,traffic_signals,regular
1410537084,highway,traffic_signals,regular
1416017515,source,local_knowledge,regular
1416017515,amenity,bench,regular
1416017515,backrest,yes,regular
1421897881,highway,crossing,regular
1421897881,crossing,island,regular
1421897881,crossing_ref,zebra,regular
1421898823,name,De Trekschuit,regular
1421898823,amenity,ferry_terminal,regular
1423361429,source,local_knowledge,regular
1423361429,amenity,waste_basket,regular
1433962903,note,may be closed during loading operations of ships,regular
1433962903,access,yes,regular
1433962903,barrier,lift_gate,regular
1437071616,name,Tank easy,regular
1437071616,amenity,fuel,regular
1437071616,operator,Berkel,regular
1438204672,amenity,waste_basket,regular
1443204627,name,Blokker,regular
1443204627,shop,houseware,regular
1443204627,source,survey,regular
1445229964,source,local_knowledge,regular
1445229964,leisure,playground,regular
1445722394,source,local_knowledge,regular
1445722394,amenity,bench,regular
1445722394,backrest,yes,regular
1445745291,source,local_knowledge,regular
1445745291,amenity,waste_basket,regular
1448535815,bicycle,use_sidepath,regular
1460475740,source,local_knowledge,regular
1460475740,barrier,cycle_barrier,regular
1471826456,source,survey,regular
1471826456,leisure,playground,regular
1473320406,name,Vlaardingen Oost,regular
1473320406,zone,5329,regular
1473320406,source,Wiki.ovinnederland.nl,regular
1473320406,highway,bus_stop,regular
1473320406,shelter,yes,regular
1473320406,operator,RET,regular
1473320406,route_ref,126;56,regular
1476426946,leisure,playground,regular
1485013035,source,local_knowledge,regular
1485013035,amenity,parking,regular
1493262647,source,local_knowledge,regular
1493262647,amenity,bench,regular
1493262647,backrest,yes,regular
1502023486,source,local_knowledge,regular
1502023486,tourism,artwork,regular
1506785881,name,Abtswoude,regular
1506785881,is_in,NL,regular
1506785881,place,hamlet,regular
1506785881,source,AND,regular
1506785881,postal_code,2626,regular
1507849893,expected_rwn_route_relations,3,regular
1507849893,rwn_ref,33,regular
1509776552,name,Bikolaan,regular
1509776552,tram,yes,regular
1509776552,zone,5426,regular
1509776552,source,HTM,regular
1509776552,railway,tram_stop,regular
1509776552,operator,HTM,regular
1509776552,route_ref,1;19,regular
1509776552,public_transport,stop_position,regular
1517432546,type,broad_leaved,regular
1517432546,source,survey,regular
1517432546,natural,tree,regular
1541512278,highway,crossing,regular
1569651647,fee,yes,regular
1569651647,source,local_knowledge,regular
1569651647,amenity,parking,regular
1569651647,capacity,5,regular
1583929781,leisure,playground,regular
1583969799,rin_ref,11,regular
1584587530,barrier,gate,regular
1584637248,tourism,picnic_site,regular
1590140950,amenity,recycling,regular
1590140950,glass,yes,recycling
1590140950,clothes,yes,recycling
1590140950,plastic,yes,recycling
1591407452,highway,crossing,regular
1596760188,expected_rwn_route_relations,3,regular
1596760188,rcn_ref,68,regular
1596760188,rin_ref,15,regular
1596760188,rwn_ref,86,regular
1699275350,bus,yes,regular
1699275350,name,Burg. Honnerlage Gretelaan,regular
1699275350,zone,5319,regular
1699275350,source,Veolia Transport,regular
1699275350,highway,bus_stop,regular
1699275350,shelter,yes,regular
1699275350,operator,Veolia Transport,regular
1699275350,route_ref,424,regular
1699275350,public_transport,stop_position,regular
1699280609,bus,yes,regular
1699280609,name,Hoofdstraat,regular
1699280609,zone,5449,regular
1699280609,source,Veolia Transport,regular
1699280609,highway,bus_stop,regular
1699280609,shelter,yes,regular
1699280609,operator,Veolia Transport,regular
1699280609,route_ref,32,regular
1699280609,stop_position,left,regular
1699280609,public_transport,stop_position,regular
1699285481,bus,yes,regular
1699285481,name,Marlotlaan,regular
1699285481,zone,5426,regular
1699285481,source,Veolia Transport,regular
1699285481,highway,bus_stop,regular
1699285481,shelter,yes,regular
1699285481,operator,Veolia Transport,regular
1699285481,route_ref,82,regular
1699285481,public_transport,stop_position,regular
1699292056,bus,yes,regular
1699292056,name,Sportlaan,regular
1699292056,zone,5449,regular
1699292056,source,Veolia Transport,regular
1699292056,highway,bus_stop,regular
1699292056,shelter,yes,regular
1699292056,operator,Veolia Transport,regular
1699292056,route_ref,32,regular
1699292056,stop_position,right,regular
1699292056,public_transport,stop_position,regular
1699297853,bus,yes,regular
1699297853,name,van der Slootsingel,regular
1699297853,zone,5426,regular
1699297853,source,Veolia Transport,regular
1699297853,highway,bus_stop,regular
1699297853,shelter,yes,regular
1699297853,operator,Veolia Transport,regular
1699297853,route_ref,82,regular
1699297853,public_transport,stop_position,regular
1722846284,name,Peppers,regular
1722846284,phone,+31174620444,regular
1722846284,amenity,restaurant,regular
1722846284,cuisine,Mediterraans,regular
1722846284,website,http://www.depeppers.nl,regular
1722846284,street,Wilhelminaplein,addr
1722846284,housenumber,3,addr
1729385998,bus,yes,regular
1729385998,name,Amsterdamlaan,regular
1729385998,zone,5327,regular
1729385998,highway,bus_stop,regular
1729385998,shelter,yes,regular
1729385998,operator,RET;Veolia Transport,regular
1729385998,route_ref,57,regular
1729385998,public_transport,stop_position,regular
1741080047,ref,5,regular
1741080047,power,tower,regular
1741080047,design,bipole,regular
1741080047,source,survey,regular
1741080047,start_date,2012,regular
1741080047,name,Wintrack,design
1759757877,golf,tee,regular
1773072688,highway,passing_place,regular
1783227644,source,local_knowledge,regular
1783227644,tourism,artwork,regular
1841911634,leisure,picnic_table,regular
1917055466,traffic_calming,bump,regular
1953192654,source,Bing,regular
1953192654,city,De Lier,addr
1953192654,street,Jan van de Laarweg,addr
1953192654,country,NL,addr
1953192654,postcode,2678LH,addr
1953192654,province,Zuid-Holland,addr
1953192654,housenumber,8a,addr
1968992923,source,Bing,regular
1968992923,city,De Lier,addr
1968992923,street,Lierweg,addr
1968992923,country,NL,addr
1968992923,postcode,2678CW,addr
1968992923,province,Zuid-Holland,addr
1968992923,housenumber,34,addr
1970238243,name,Bruna,regular
1970238243,source,Bing,regular
1970238243,amenity,post_office,regular
1970238243,city,De Lier,addr
1970238243,street,Hoofdstraat,addr
1970238243,country,NL,addr
1970238243,postcode,2678CL,addr
1970238243,province,Zuid-Holland,addr
1970238243,housenumber,56a,addr
1970545784,source,Bing,regular
1970545784,city,De Lier,addr
1970545784,street,Dompad,addr
1970545784,country,NL,addr
1970545784,postcode,2678AW,addr
1970545784,province,Zuid-Holland,addr
1970545784,housenumber,11,addr
1983156342,source,Bing,regular
1983156342,city,De Lier,addr
1983156342,street,Kanaalweg,addr
1983156342,country,NL,addr
1983156342,postcode,2678LX,addr
1983156342,province,Zuid-Holland,addr
1983156342,housenumber,10c1,addr
2022915444,natural,tree,regular
2094946247,leisure,playground,regular
2102873184,width,1.2,regular
2102873184,height,1.5,regular
2102873184,window,glass,regular
2102873184,breadth,0.2,regular
2102873801,door,yes,regular
2102873801,width,2,regular
2102873801,height,2.5,regular
2102873801,ids,7,connector
2102874420,door,yes,regular
2102874420,width,1.5,regular
2102874420,height,2,regular
2102874564,door,yes,regular
2102874564,width,1.5,regular
2102874564,height,2,regular
2102874748,door,yes,regular
2102874748,width,1.5,regular
2102874748,height,2,regular
2102938396,door,yes,regular
2102938396,width,1,regular
2102938396,height,2.5,regular
2102938527,door,yes,regular
2102938527,width,1,regular
2102938527,height,2.5,regular
2102938583,door,yes,regular
2102938583,width,1,regular
2102938583,height,2.5,regular
2102939228,door,yes,regular
2102939228,width,1,regular
2102939228,height,2.5,regular
2103109839,door,yes,regular
2103109839,width,2,regular
2103109839,height,2.5,regular
2103109839,ids,5,connector
2103109897,door,yes,regular
2103109897,width,1.5,regular
2103109897,height,2,regular
2103110127,width,1.2,regular
2103110127,height,1.5,regular
2103110127,window,glass,regular
2103110127,breadth,0.2,regular
2103141408,door,yes,regular
2103141408,width,1.5,regular
2103141408,height,2,regular
2103141562,door,yes,regular
2103141562,width,1.5,regular
2103141562,height,2,regular
2103141935,door,yes,regular
2103141935,width,1.5,regular
2103141935,height,2,regular
2103142506,door,yes,regular
2103142506,width,1.5,regular
2103142506,height,2,regular
2104248458,width,1.5,regular
2104248458,breast,0.4,regular
2104248458,height,1.8,regular
2104248458,window,yes,regular
2104248533,width,1.5,regular
2104248533,breast,0.4,regular
2104248533,height,1.8,regular
2104248533,window,yes,regular
2104297308,width,1.5,regular
2104297308,breast,0.4,regular
2104297308,height,1.8,regular
2104297308,window,yes,regular
2104321595,door,yes,regular
2104321595,width,1,regular
2104321595,height,2.5,regular
2104833685,width,1.5,regular
2104833685,breast,0.4,regular
2104833685,height,1.8,regular
2104833685,window,yes,regular
2105507509,door,yes,regular
2105507509,width,1.5,regular
2105507509,height,2.5,regular
2106008503,width,2,regular
2106008503,breast,0.5,regular
2106008503,height,3,regular
2106008503,window,glass,regular
2242438754,highway,passing_place,regular
2323108499,railway,level_crossing,regular
2329830721,source,local_knowledge,regular
2329830721,tourism,picnic_site,regular
2365399535,traffic_calming,bump,regular
2388547176,id,NL.TOP10NL.123360084,brt
2388547176,source,Kadaster,regular
2388547176,brontype,top10vector,regular
2388547176,type,"religieus gebouw,toren",brt
2388547176,man_made,tower,regular
2388547176,datum,2002-01-01,brt
2388547176,source_ref,http://www.kadaster.nl/web/Themas/Registraties/brt.htm,regular
2388547176,height_class,laagbouw,brt
2406091978,highway,traffic_signals,regular
2494422830,amenity,bench,regular
2507250169,highway,traffic_signals,regular
2539765660,gebruiksfunctie,BAG ,bag
2539765660,city,De Lier,addr
2539765660,street,Bleijenburg,addr
2539765660,country,NL,addr
2539765660,postcode,2678BC,addr
2539765660,province,Zuid-Holland,addr
2539765660,housenumber,110,addr
2539765660,gebruiksfunctie,woonfunctie,bag
2539765714,gebruiksfunctie,BAG ,bag
2539765714,city,De Lier,addr
2539765714,street,Hohorst,addr
2539765714,country,NL,addr
2539765714,postcode,2678DD,addr
2539765714,province,Zuid-Holland,addr
2539765714,housenumber,18,addr
2539765714,gebruiksfunctie,woonfunctie,bag
2539765896,gebruiksfunctie,BAG ,bag
2539765896,city,De Lier,addr
2539765896,street,Zwetburgh,addr
2539765896,country,NL,addr
2539765896,postcode,2678BS,addr
2539765896,province,Zuid-Holland,addr
2539765896,housenumber,30,addr
2539765896,gebruiksfunctie,woonfunctie,bag
2539765984,gebruiksfunctie,BAG ,bag
2539765984,city,De Lier,addr
2539765984,street,Markenborgh,addr
2539765984,country,NL,addr
2539765984,postcode,2678CB,addr
2539765984,province,Zuid-Holland,addr
2539765984,housenumber,47,addr
2539765984,gebruiksfunctie,woonfunctie,bag
2539766183,gebruiksfunctie,BAG ,bag
2539766183,city,De Lier,addr
2539766183,street,Zwetburgh,addr
2539766183,country,NL,addr
2539766183,postcode,2678BT,addr
2539766183,province,Zuid-Holland,addr
2539766183,housenumber,74,addr
2539766183,gebruiksfunctie,woonfunctie,bag
2547225365,name,Rivièra,regular
2547225365,shop,hairdresser,regular
2552489029,gebruiksfunctie,BAG ,bag
2552489029,city,De Lier,addr
2552489029,street,Bleijenburg,addr
2552489029,country,NL,addr
2552489029,postcode,2678BB,addr
2552489029,province,Zuid-Holland,addr
2552489029,housenumber,12,addr
2552489029,gebruiksfunctie,woonfunctie,bag
2552489266,gebruiksfunctie,BAG ,bag
2552489266,city,De Lier,addr
2552489266,street,Molenaarlaan,addr
2552489266,country,NL,addr
2552489266,postcode,2678DG,addr
2552489266,province,Zuid-Holland,addr
2552489266,housenumber,27,addr
2552489266,gebruiksfunctie,woonfunctie,bag
2552489506,gebruiksfunctie,BAG ,bag
2552489506,city,De Lier,addr
2552489506,street,Molenaarlaan,addr
2552489506,country,NL,addr
2552489506,postcode,2678DG,addr
2552489506,province,Zuid-Holland,addr
2552489506,housenumber,7,addr
2552489506,gebruiksfunctie,woonfunctie,bag
2552627410,source,BAG,regular
2552627410,city,De Lier,addr
2552627410,street,Maroc,addr
2552627410,date,2014-10-30,source
2552627410,country,NL,addr
2552627410,postcode,2678WH,addr
2552627410,province,Zuid-Holland,addr
2552627410,housenumber,1,addr
2552627410,gebruiksfunctie,woonfunctie,bag
2552627681,source,BAG,regular
2552627681,city,De Lier,addr
2552627681,street,Kerklaan,addr
2552627681,date,2014-10-30,source
2552627681,country,NL,addr
2552627681,postcode,2678ST,addr
2552627681,province,Zuid-Holland,addr
2552627681,housenumber,11,addr
2552627681,gebruiksfunctie,woonfunctie,bag
2552628023,source,BAG,regular
2552628023,city,De Lier,addr
2552628023,street,Reigerlaan,addr
2552628023,date,2014-10-30,source
2552628023,country,NL,addr
2552628023,postcode,2678WS,addr
2552628023,province,Zuid-Holland,addr
2552628023,housenumber,129,addr
2552628023,gebruiksfunctie,woonfunctie,bag
2552628344,source,BAG,regular
2552628344,city,De Lier,addr
2552628344,street,Reigerlaan,addr
2552628344,date,2014-10-30,source
2552628344,country,NL,addr
2552628344,postcode,2678WS,addr
2552628344,province,Zuid-Holland,addr
2552628344,housenumber,145,addr
2552628344,gebruiksfunctie,woonfunctie,bag
2552628603,source,BAG,regular
2552628603,city,De Lier,addr
2552628603,street,Lijster,addr
2552628603,date,2014-10-30,source
2552628603,country,NL,addr
2552628603,postcode,2678XD,addr
2552628603,province,Zuid-Holland,addr
2552628603,housenumber,17,addr
2552628603,gebruiksfunctie,woonfunctie,bag
2552628863,source,BAG,regular
2552628863,city,De Lier,addr
2552628863,street,Colman,addr
2552628863,date,2014-10-30,source
2552628863,country,NL,addr
2552628863,postcode,2678WG,addr
2552628863,province,Zuid-Holland,addr
2552628863,housenumber,2,addr
2552628863,gebruiksfunctie,woonfunctie,bag
2552629116,source,BAG,regular
2552629116,city,De Lier,addr
2552629116,street,Reigerlaan,addr
2552629116,date,2014-10-30,source
2552629116,country,NL,addr
2552629116,postcode,2678WT,addr
2552629116,province,Zuid-Holland,addr
2552629116,housenumber,22,addr
2552629116,gebruiksfunctie,woonfunctie,bag
2552629346,source,BAG,regular
2552629346,city,De Lier,addr
2552629346,street,Koolmees,addr
2552629346,date,2014-10-30,source
2552629346,country,NL,addr
2552629346,postcode,2678XB,addr
2552629346,province,Zuid-Holland,addr
2552629346,housenumber,27,addr
2552629346,gebruiksfunctie,woonfunctie,bag
2552629506,source,BAG,regular
2552629506,city,De Lier,addr
2552629506,street,Reigerlaan,addr
2552629506,date,2014-10-30,source
2552629506,country,NL,addr
2552629506,postcode,2678WR,addr
2552629506,province,Zuid-Holland,addr
2552629506,housenumber,31,addr
2552629506,gebruiksfunctie,woonfunctie,bag
2552629558,source,BAG,regular
2552629558,city,De Lier,addr
2552629558,street,Colman,addr
2552629558,date,2014-10-30,source
2552629558,country,NL,addr
2552629558,postcode,2678WG,addr
2552629558,province,Zuid-Holland,addr
2552629558,housenumber,4,addr
2552629558,gebruiksfunctie,woonfunctie,bag
2552629725,source,BAG,regular
2552629725,city,De Lier,addr
2552629725,street,Leeuweriklaan,addr
2552629725,date,2014-10-30,source
2552629725,country,NL,addr
2552629725,postcode,2678WN,addr
2552629725,province,Zuid-Holland,addr
2552629725,housenumber,48,addr
2552629725,gebruiksfunctie,woonfunctie,bag
2552630035,source,BAG,regular
2552630035,city,De Lier,addr
2552630035,street,Leeuweriklaan,addr
2552630035,date,2014-10-30,source
2552630035,country,NL,addr
2552630035,postcode,2678WV,addr
2552630035,province,Zuid-Holland,addr
2552630035,housenumber,57,addr
2552630035,gebruiksfunctie,woonfunctie,bag
2552630112,source,BAG,regular
2552630112,city,De Lier,addr
2552630112,street,Reigerlaan,addr
2552630112,date,2014-10-30,source
2552630112,country,NL,addr
2552630112,postcode,2678WR,addr
2552630112,province,Zuid-Holland,addr
2552630112,housenumber,67,addr
2552630112,gebruiksfunctie,woonfunctie,bag
2552630222,source,BAG,regular
2552630222,city,De Lier,addr
2552630222,street,Koolmees,addr
2552630222,date,2014-10-30,source
2552630222,country,NL,addr
2552630222,postcode,2678XB,addr
2552630222,province,Zuid-Holland,addr
2552630222,housenumber,8,addr
2552630222,gebruiksfunctie,woonfunctie,bag
2552630272,source,BAG,regular
2552630272,city,De Lier,addr
2552630272,street,Zwaluw,addr
2552630272,date,2014-10-30,source
2552630272,country,NL,addr
2552630272,postcode,2678XC,addr
2552630272,province,Zuid-Holland,addr
2552630272,housenumber,9,addr
2552630272,gebruiksfunctie,woonfunctie,bag
2552732422,source,BAG,regular
2552732422,city,De Lier,addr
2552732422,street,Uitterlier,addr
2552732422,date,2014-10-30,source
2552732422,country,NL,addr
2552732422,postcode,2678VB,addr
2552732422,province,Zuid-Holland,addr
2552732422,housenumber,10,addr
2552732422,gebruiksfunctie,woonfunctie,bag
2552732910,source,BAG,regular
2552732910,city,De Lier,addr
2552732910,street,Doys van der Doesstraat,addr
2552732910,date,2014-10-30,source
2552732910,country,NL,addr
2552732910,postcode,2678TW,addr
2552732910,province,Zuid-Holland,addr
2552732910,housenumber,16,addr
2552732910,gebruiksfunctie,woonfunctie,bag
2552733265,source,BAG,regular
2552733265,city,De Lier,addr
2552733265,street,Uitterlier,addr
2552733265,date,2014-10-30,source
2552733265,country,NL,addr
2552733265,postcode,2678VB,addr
2552733265,province,Zuid-Holland,addr
2552733265,housenumber,20C,addr
2552733265,gebruiksfunctie,overigegebruiksfunctie,bag
2552733571,source,BAG,regular
2552733571,city,De Lier,addr
2552733571,street,Van Alkemadestraat,addr
2552733571,date,2014-10-30,source
2552733571,country,NL,addr
2552733571,postcode,2678VL,addr
2552733571,province,Zuid-Holland,addr
2552733571,housenumber,32,addr
2552733571,gebruiksfunctie,woonfunctie,bag
2552733871,source,BAG,regular
2552733871,city,De Lier,addr
2552733871,street,Uitterlier,addr
2552733871,date,2014-10-30,source
2552733871,country,NL,addr
2552733871,postcode,2678VB,addr
2552733871,province,Zuid-Holland,addr
2552733871,housenumber,42,addr
2552733871,gebruiksfunctie,woonfunctie,bag
2552734246,source,BAG,regular
2552734246,city,De Lier,addr
2552734246,street,Van Nijenrodestraat,addr
2552734246,date,2014-10-30,source
2552734246,country,NL,addr
2552734246,postcode,2678TS,addr
2552734246,province,Zuid-Holland,addr
2552734246,housenumber,66,addr
2552734246,gebruiksfunctie,overigegebruiksfunctie,bag
2552734766,source,BAG,regular
2552734766,city,De Lier,addr
2552734766,street,Uitterlier,addr
2552734766,date,2014-10-30,source
2552734766,country,NL,addr
2552734766,postcode,2678VD,addr
2552734766,province,Zuid-Holland,addr
2552734766,housenumber,92,addr
2552734766,gebruiksfunctie,woonfunctie,bag
2552903173,source,BAG,regular
2552903173,city,De Lier,addr
2552903173,street,Van Hamalstraat,addr
2552903173,date,2014-10-30,source
2552903173,country,NL,addr
2552903173,postcode,2678TM,addr
2552903173,province,Zuid-Holland,addr
2552903173,housenumber,11,addr
2552903173,gebruiksfunctie,woonfunctie,bag
2552903403,source,BAG,regular
2552903403,city,De Lier,addr
2552903403,street,Persijnstraat,addr
2552903403,date,2014-10-30,source
2552903403,country,NL,addr
2552903403,postcode,2678TL,addr
2552903403,province,Zuid-Holland,addr
2552903403,housenumber,16,addr
2552903403,gebruiksfunctie,woonfunctie,bag
2552903455,source,BAG,regular
2552903455,city,De Lier,addr
2552903455,street,Van Remmerswaalstraat,addr
2552903455,date,2014-10-30,source
2552903455,country,NL,addr
2552903455,postcode,2678VZ,addr
2552903455,province,Zuid-Holland,addr
2552903455,housenumber,2,addr
2552903455,gebruiksfunctie,woonfunctie,bag
2552903577,source,BAG,regular
2552903577,city,De Lier,addr
2552903577,street,Van Polanenstraat,addr
2552903577,date,2014-10-30,source
2552903577,country,NL,addr
2552903577,postcode,2678VW,addr
2552903577,province,Zuid-Holland,addr
2552903577,housenumber,25,addr
2552903577,gebruiksfunctie,woonfunctie,bag
2552903657,source,BAG,regular
2552903657,city,De Lier,addr
2552903657,street,Burgemeester Cramerlaan,addr
2552903657,date,2014-10-30,source
2552903657,country,NL,addr
2552903657,postcode,2678AM,addr
2552903657,province,Zuid-Holland,addr
2552903657,housenumber,30,addr
2552903657,gebruiksfunctie,woonfunctie,bag
2552903773,source,BAG,regular
2552903773,city,De Lier,addr
2552903773,street,Heulstraat,addr
2552903773,date,2014-10-30,source
2552903773,country,NL,addr
2552903773,postcode,2678TE,addr
2552903773,province,Zuid-Holland,addr
2552903773,housenumber,4,addr
2552903773,gebruiksfunctie,woonfunctie,bag
2552903832,source,BAG,regular
2552903832,city,De Lier,addr
2552903832,street,Van Lockhorststraat,addr
2552903832,date,2014-10-30,source
2552903832,country,NL,addr
2552903832,postcode,2678VM,addr
2552903832,province,Zuid-Holland,addr
2552903832,housenumber,5,addr
2552903832,gebruiksfunctie,woonfunctie,bag
2552904008,source,BAG,regular
2552904008,city,De Lier,addr
2552904008,street,Van Nijenrodestraat,addr
2552904008,date,2014-10-30,source
2552904008,country,NL,addr
2552904008,postcode,2678TS,addr
2552904008,province,Zuid-Holland,addr
2552904008,housenumber,67,addr
2552904008,gebruiksfunctie,woonfunctie,bag
2552904071,source,BAG,regular
2552904071,city,De Lier,addr
2552904071,street,Van Hamalstraat,addr
2552904071,date,2014-10-30,source
2552904071,country,NL,addr
2552904071,postcode,2678TM,addr
2552904071,province,Zuid-Holland,addr
2552904071,housenumber,9,addr
2552904071,gebruiksfunctie,woonfunctie,bag
2552986283,source,BAG,regular
2552986283,city,De Lier,addr
2552986283,street,Anthurium,addr
2552986283,date,2014-10-30,source
2552986283,country,NL,addr
2552986283,postcode,2678PN,addr
2552986283,province,Zuid-Holland,addr
2552986283,housenumber,1,addr
2552986283,gebruiksfunctie,woonfunctie,bag
2552986368,source,BAG,regular
2552986368,city,De Lier,addr
2552986368,street,Fresia,addr
2552986368,date,2014-10-30,source
2552986368,country,NL,addr
2552986368,postcode,2678PD,addr
2552986368,province,Zuid-Holland,addr
2552986368,housenumber,16,addr
2552986368,gebruiksfunctie,woonfunctie,bag
2552986625,source,BAG,regular
2552986625,city,De Lier,addr
2552986625,street,Anthurium,addr
2552986625,date,2014-10-30,source
2552986625,country,NL,addr
2552986625,postcode,2678PP,addr
2552986625,province,Zuid-Holland,addr
2552986625,housenumber,24,addr
2552986625,gebruiksfunctie,woonfunctie;overigegebruiksfunctie,bag
2552986973,source,BAG,regular
2552986973,city,De Lier,addr
2552986973,street,Chrysant,addr
2552986973,date,2014-10-30,source
2552986973,country,NL,addr
2552986973,postcode,2678PA,addr
2552986973,province,Zuid-Holland,addr
2552986973,housenumber,34,addr
2552986973,gebruiksfunctie,woonfunctie,bag
2552987323,source,BAG,regular
2552987323,city,De Lier,addr
2552987323,street,Iris,addr
2552987323,date,2014-10-30,source
2552987323,country,NL,addr
2552987323,postcode,2678PK,addr
2552987323,province,Zuid-Holland,addr
2552987323,housenumber,5,addr
2552987323,gebruiksfunctie,woonfunctie,bag
2552987624,source,BAG,regular
2552987624,city,De Lier,addr
2552987624,street,Anemoon,addr
2552987624,date,2014-10-30,source
2552987624,country,NL,addr
2552987624,postcode,2678PL,addr
2552987624,province,Zuid-Holland,addr
2552987624,housenumber,9,addr
2552987624,gebruiksfunctie,woonfunctie,bag
2595118915,source,BAG,regular
2595118915,city,Delft,addr
2595118915,street,Boussinesqweg,addr
2595118915,date,2014-10-30,source
2595118915,postcode,2629HV,addr
2595118915,housenumber,1,addr
2595119020,source,BAG,regular
2595119020,city,Delft,addr
2595119020,street,Ivoorkust,addr
2595119020,date,2014-10-30,source
2595119020,postcode,2622GL,addr
2595119020,housenumber,1,addr
2595119072,source,BAG,regular
2595119072,city,Delft,addr
2595119072,street,Pijlstaartpad,addr
2595119072,date,2014-10-30,source
2595119072,postcode,2623MH,addr
2595119072,housenumber,1,addr
2595119123,source,BAG,regular
2595119123,city,Delft,addr
2595119123,street,Zaïrestraat,addr
2595119123,date,2014-10-30,source
2595119123,postcode,2622ER,addr
2595119123,housenumber,1,addr
2595119183,source,BAG,regular
2595119183,city,Delft,addr
2595119183,street,Gabonstraat,addr
2595119183,date,2014-10-30,source
2595119183,postcode,2622DL,addr
2595119183,housenumber,10,addr
2595119248,source,BAG,regular
2595119248,city,Delft,addr
2595119248,street,Lusakastraat,addr
2595119248,date,2014-10-30,source
2595119248,postcode,2622LM,addr
2595119248,housenumber,10,addr
2595119300,source,BAG,regular
2595119300,city,Delft,addr
2595119300,street,Veulenkamp,addr
2595119300,date,2014-10-30,source
2595119300,postcode,2623XC,addr
2595119300,housenumber,10,addr
2595119354,source,BAG,regular
2595119354,city,Delft,addr
2595119354,street,Latijns-Amerikalaan,addr
2595119354,date,2014-10-30,source
2595119354,postcode,2622BD,addr
2595119354,housenumber,102,addr
2595119405,source,BAG,regular
2595119405,city,Delft,addr
2595119405,street,Bikolaan,addr
2595119405,date,2014-10-30,source
2595119405,postcode,2622EL,addr
2595119405,housenumber,106,addr
2595119455,source,BAG,regular
2595119455,city,Delft,addr
2595119455,street,Faradayweg,addr
2595119455,date,2014-10-30,source
2595119455,postcode,2627AX,addr
2595119455,housenumber,10D,addr
2595119516,source,BAG,regular
2595119516,city,Delft,addr
2595119516,street,Ghanastraat,addr
2595119516,date,2014-10-30,source
2595119516,postcode,2622GJ,addr
2595119516,housenumber,11,addr
2595119587,source,BAG,regular
2595119587,city,Delft,addr
2595119587,street,Moufflonlaan,addr
2595119587,date,2014-10-30,source
2595119587,postcode,2623EH,addr
2595119587,housenumber,11,addr
2595119818,source,BAG,regular
2595119818,city,Delft,addr
2595119818,street,Wassenaarstraat,addr
2595119818,date,2014-10-30,source
2595119818,postcode,2629HM,addr
2595119818,housenumber,11,addr
2595120158,source,BAG,regular
2595120158,city,Delft,addr
2595120158,street,Kalfjeslaan,addr
2595120158,date,2014-10-30,source
2595120158,postcode,2623AD,addr
2595120158,housenumber,113,addr
2595120540,source,BAG,regular
2595120540,city,Delft,addr
2595120540,street,Latijns-Amerikalaan,addr
2595120540,date,2014-10-30,source
2595120540,postcode,2622BB,addr
2595120540,housenumber,117,addr
2595120945,source,BAG,regular
2595120945,city,Delft,addr
2595120945,street,Braziliëhof,addr
2595120945,date,2014-10-30,source
2595120945,postcode,2622BG,addr
2595120945,housenumber,12,addr
2595121057,source,BAG,regular
2595121057,city,Delft,addr
2595121057,street,Kiekendiefhof,addr
2595121057,date,2014-10-30,source
2595121057,postcode,2623PB,addr
2595121057,housenumber,12,addr
2595121281,source,BAG,regular
2595121281,city,Delft,addr
2595121281,street,Roodborstlaan,addr
2595121281,date,2014-10-30,source
2595121281,postcode,2623GR,addr
2595121281,housenumber,12,addr
2595121355,source,BAG,regular
2595121355,city,Delft,addr
2595121355,street,Kalfjeslaan,addr
2595121355,date,2014-10-30,source
2595121355,postcode,2623AD,addr
2595121355,housenumber,121,addr
2595121444,source,BAG,regular
2595121444,city,Delft,addr
2595121444,street,Afrikalaan,addr
2595121444,date,2014-10-30,source
2595121444,postcode,2622LR,addr
2595121444,housenumber,126,addr
2595121511,source,BAG,regular
2595121511,city,Delft,addr
2595121511,street,Bengalenstraat,addr
2595121511,date,2014-10-30,source
2595121511,postcode,2622KK,addr
2595121511,housenumber,13,addr
2595121612,source,BAG,regular
2595121612,city,Delft,addr
2595121612,street,Koekamp,addr
2595121612,date,2014-10-30,source
2595121612,postcode,2623XM,addr
2595121612,housenumber,13,addr
2595121736,source,BAG,regular
2595121736,city,Delft,addr
2595121736,street,Soedanhof,addr
2595121736,date,2014-10-30,source
2595121736,postcode,2622CJ,addr
2595121736,housenumber,13,addr
2595121812,source,BAG,regular
2595121812,city,Delft,addr
2595121812,street,Afrikalaan,addr
2595121812,date,2014-10-30,source
2595121812,postcode,2622LS,addr
2595121812,housenumber,132,addr
2595121863,source,BAG,regular
2595121863,city,Delft,addr
2595121863,street,Mandelastraat,addr
2595121863,date,2014-10-30,source
2595121863,postcode,2622GP,addr
2595121863,housenumber,138,addr
2595121921,source,BAG,regular
2595121921,city,Delft,addr
2595121921,street,Einsteinweg,addr
2595121921,date,2014-10-30,source
2595121921,postcode,2627BN,addr
2595121921,housenumber,14,addr
2595121987,source,BAG,regular
2595121987,city,Delft,addr
2595121987,street,Mandelastraat,addr
2595121987,date,2014-10-30,source
2595121987,postcode,2622GN,addr
2595121987,housenumber,14,addr
2595122100,source,BAG,regular
2595122100,city,Delft,addr
2595122100,street,Waterhoenstraat,addr
2595122100,date,2014-10-30,source
2595122100,postcode,2623MB,addr
2595122100,housenumber,14,addr
2595122152,source,BAG,regular
2595122152,city,Delft,addr
2595122152,street,Fuutlaan,addr
2595122152,date,2014-10-30,source
2595122152,postcode,2623MS,addr
2595122152,housenumber,144C,addr
2595122211,source,BAG,regular
2595122211,city,Delft,addr
2595122211,street,Ampèreweg,addr
2595122211,date,2014-10-30,source
2595122211,postcode,2627BG,addr
2595122211,housenumber,15,addr
2595122262,source,BAG,regular
2595122262,city,Delft,addr
2595122262,street,Karibastraat,addr
2595122262,date,2014-10-30,source
2595122262,postcode,2622LJ,addr
2595122262,housenumber,15,addr
2595122332,source,BAG,regular
2595122332,city,Delft,addr
2595122332,street,Scholeksterpad,addr
2595122332,date,2014-10-30,source
2595122332,postcode,2623LV,addr
2595122332,housenumber,15,addr
2595122391,source,BAG,regular
2595122391,city,Delft,addr
2595122391,street,Derde Werelddreef,addr
2595122391,date,2014-10-30,source
2595122391,postcode,2622HH,addr
2595122391,housenumber,152,addr
2595122445,source,BAG,regular
2595122445,city,Delft,addr
2595122445,street,Adenstraat,addr
2595122445,date,2014-10-30,source
2595122445,postcode,2622KJ,addr
2595122445,housenumber,16,addr
2595122509,source,BAG,regular
2595122509,city,Delft,addr
2595122509,street,Indiastraat,addr
2595122509,date,2014-10-30,source
2595122509,postcode,2622GH,addr
2595122509,housenumber,16,addr
2595122559,source,BAG,regular
2595122559,city,Delft,addr
2595122559,street,Schiekade,addr
2595122559,date,2014-10-30,source
2595122559,postcode,2627BL,addr
2595122559,housenumber,16,addr
2595122620,source,BAG,regular
2595122620,city,Delft,addr
2595122620,street,Fuutlaan,addr
2595122620,date,2014-10-30,source
2595122620,postcode,2623MS,addr
2595122620,housenumber,162D,addr
2595122726,source,BAG,regular
2595122726,city,Delft,addr
2595122726,street,Arendlaan,addr
2595122726,date,2014-10-30,source
2595122726,postcode,2623HT,addr
2595122726,housenumber,17,addr
2595122926,source,BAG,regular
2595122926,city,Delft,addr
2595122926,street,Kokmeeuwstraat,addr
2595122926,date,2014-10-30,source
2595122926,postcode,2623MR,addr
2595122926,housenumber,17,addr
2595123078,source,BAG,regular
2595123078,city,Delft,addr
2595123078,street,Suezsingel,addr
2595123078,date,2014-10-30,source
2595123078,postcode,2622CW,addr
2595123078,housenumber,17,addr
2595123152,source,BAG,regular
2595123152,city,Delft,addr
2595123152,street,Derde Werelddreef,addr
2595123152,date,2014-10-30,source
2595123152,postcode,2622HE,addr
2595123152,housenumber,179,addr
2595123206,source,BAG,regular
2595123206,city,Delft,addr
2595123206,street,Geitenkamp,addr
2595123206,date,2014-10-30,source
2595123206,postcode,2623BM,addr
2595123206,housenumber,18,addr
2595123341,source,BAG,regular
2595123341,city,Delft,addr
2595123341,street,Roodborstlaan,addr
2595123341,date,2014-10-30,source
2595123341,postcode,2623GR,addr
2595123341,housenumber,18,addr
2595123419,source,BAG,regular
2595123419,city,Delft,addr
2595123419,street,Bikolaan,addr
2595123419,date,2014-10-30,source
2595123419,postcode,2622GS,addr
2595123419,housenumber,185,addr
2595123476,source,BAG,regular
2595123476,city,Delft,addr
2595123476,street,Braziliëhof,addr
2595123476,date,2014-10-30,source
2595123476,postcode,2622BE,addr
2595123476,housenumber,19,addr
2595123526,source,BAG,regular
2595123526,city,Delft,addr
2595123526,street,Lesothostraat,addr
2595123526,date,2014-10-30,source
2595123526,postcode,2622LB,addr
2595123526,housenumber,19,addr
2595123576,source,BAG,regular
2595123576,city,Delft,addr
2595123576,street,Wassenaarstraat,addr
2595123576,date,2014-10-30,source
2595123576,postcode,2629HM,addr
2595123576,housenumber,19,addr
2595123626,source,BAG,regular
2595123626,city,Delft,addr
2595123626,street,Voltaweg,addr
2595123626,date,2014-10-30,source
2595123626,postcode,2627BD,addr
2595123626,housenumber,1B,addr
2595123676,source,BAG,regular
2595123676,city,Delft,addr
2595123676,street,Eekhoornhof,addr
2595123676,date,2014-10-30,source
2595123676,postcode,2623EG,addr
2595123676,housenumber,2,addr
2595123784,source,BAG,regular
2595123784,city,Delft,addr
2595123784,street,Kwikstaartweg,addr
2595123784,date,2014-10-30,source
2595123784,postcode,2623GA,addr
2595123784,housenumber,2,addr
2595123856,source,BAG,regular
2595123856,city,Delft,addr
2595123856,street,Talinghof,addr
2595123856,date,2014-10-30,source
2595123856,postcode,2623NR,addr
2595123856,housenumber,2,addr
2595123906,source,BAG,regular
2595123906,city,Delft,addr
2595123906,street,Dakarhof,addr
2595123906,date,2014-10-30,source
2595123906,postcode,2622CR,addr
2595123906,housenumber,20,addr
2595124103,source,BAG,regular
2595124103,city,Delft,addr
2595124103,street,Mekelweg,addr
2595124103,date,2014-10-30,source
2595124103,postcode,2629JC,addr
2595124103,housenumber,20,addr
2595124409,source,BAG,regular
2595124409,city,Delft,addr
2595124409,street,Derde Werelddreef,addr
2595124409,date,2014-10-30,source
2595124409,postcode,2622HJ,addr
2595124409,housenumber,202,addr
2595124532,source,BAG,regular
2595124532,city,Delft,addr
2595124532,street,Edelhertlaan,addr
2595124532,date,2014-10-30,source
2595124532,postcode,2623EN,addr
2595124532,housenumber,21,addr
2595124598,source,BAG,regular
2595124598,city,Delft,addr
2595124598,street,Rietzangerstraat,addr
2595124598,date,2014-10-30,source
2595124598,postcode,2623LW,addr
2595124598,housenumber,21,addr
2595124652,source,BAG,regular
2595124652,city,Delft,addr
2595124652,street,Vinkenlaan,addr
2595124652,date,2014-10-30,source
2595124652,postcode,2623GK,addr
2595124652,housenumber,217,addr
2595124708,source,BAG,regular
2595124708,city,Delft,addr
2595124708,street,Ivoorkust,addr
2595124708,date,2014-10-30,source
2595124708,postcode,2622GL,addr
2595124708,housenumber,22,addr
2595124778,source,BAG,regular
2595124778,city,Delft,addr
2595124778,street,Zambezilaan,addr
2595124778,date,2014-10-30,source
2595124778,postcode,2622DP,addr
2595124778,housenumber,22,addr
2595124926,source,BAG,regular
2595124926,city,Delft,addr
2595124926,street,Chinalaan,addr
2595124926,date,2014-10-30,source
2595124926,postcode,2622JR,addr
2595124926,housenumber,23,addr
2595125070,source,BAG,regular
2595125070,city,Delft,addr
2595125070,street,Ooievaarstraat,addr
2595125070,date,2014-10-30,source
2595125070,postcode,2623NL,addr
2595125070,housenumber,23,addr
2595125126,source,BAG,regular
2595125126,city,Delft,addr
2595125126,street,Bikolaan,addr
2595125126,date,2014-10-30,source
2595125126,postcode,2622EP,addr
2595125126,housenumber,235,addr
2595125225,source,BAG,regular
2595125225,city,Delft,addr
2595125225,street,Hélder Câmarastraat,addr
2595125225,date,2014-10-30,source
2595125225,postcode,2622BJ,addr
2595125225,housenumber,24,addr
2595125378,source,BAG,regular
2595125378,city,Delft,addr
2595125378,street,Aziëlaan,addr
2595125378,date,2014-10-30,source
2595125378,postcode,2622JN,addr
2595125378,housenumber,240,addr
2595125480,source,BAG,regular
2595125480,city,Delft,addr
2595125480,street,Hazenlaan,addr
2595125480,date,2014-10-30,source
2595125480,postcode,2623BG,addr
2595125480,housenumber,25,addr
2595125553,source,BAG,regular
2595125553,city,Delft,addr
2595125553,street,Steltloperstraat,addr
2595125553,date,2014-10-30,source
2595125553,postcode,2623NN,addr
2595125553,housenumber,25,addr
2595125605,source,BAG,regular
2595125605,city,Delft,addr
2595125605,street,Colombiahof,addr
2595125605,date,2014-10-30,source
2595125605,postcode,2622AC,addr
2595125605,housenumber,26,addr
2595125655,source,BAG,regular
2595125655,city,Delft,addr
2595125655,street,Togostraat,addr
2595125655,date,2014-10-30,source
2595125655,postcode,2622EW,addr
2595125655,housenumber,26,addr
2595125728,source,BAG,regular
2595125728,city,Delft,addr
2595125728,street,Gabonstraat,addr
2595125728,date,2014-10-30,source
2595125728,postcode,2622DL,addr
2595125728,housenumber,27,addr
2595125778,source,BAG,regular
2595125778,city,Delft,addr
2595125778,street,Suezsingel,addr
2595125778,date,2014-10-30,source
2595125778,postcode,2622CW,addr
2595125778,housenumber,27,addr
2595125828,source,BAG,regular
2595125828,city,Delft,addr
2595125828,street,Geitenkamp,addr
2595125828,date,2014-10-30,source
2595125828,postcode,2623BM,addr
2595125828,housenumber,28,addr
2595125878,source,BAG,regular
2595125878,city,Delft,addr
2595125878,street,Aziëlaan,addr
2595125878,date,2014-10-30,source
2595125878,postcode,2622JN,addr
2595125878,housenumber,282,addr
2595125928,source,BAG,regular
2595125928,city,Delft,addr
2595125928,street,Lambarenestraat,addr
2595125928,date,2014-10-30,source
2595125928,postcode,2622DN,addr
2595125928,housenumber,29,addr
2595126117,source,BAG,regular
2595126117,city,Delft,addr
2595126117,street,Aziëlaan,addr
2595126117,date,2014-10-30,source
2595126117,postcode,2622JN,addr
2595126117,housenumber,296,addr
2595126258,source,BAG,regular
2595126258,city,Delft,addr
2595126258,street,Chinalaan,addr
2595126258,date,2014-10-30,source
2595126258,postcode,2622JR,addr
2595126258,housenumber,3,addr
2595126408,source,BAG,regular
2595126408,city,Delft,addr
2595126408,street,Koekamp,addr
2595126408,date,2014-10-30,source
2595126408,postcode,2623XM,addr
2595126408,housenumber,3,addr
2595126487,source,BAG,regular
2595126487,city,Delft,addr
2595126487,street,Slechtvalkhof,addr
2595126487,date,2014-10-30,source
2595126487,postcode,2623PE,addr
2595126487,housenumber,3,addr
2595126539,source,BAG,regular
2595126539,city,Delft,addr
2595126539,street,Dasstraat,addr
2595126539,date,2014-10-30,source
2595126539,postcode,2623CC,addr
2595126539,housenumber,30,addr
2595126617,source,BAG,regular
2595126617,city,Delft,addr
2595126617,street,Zambezilaan,addr
2595126617,date,2014-10-30,source
2595126617,postcode,2622DP,addr
2595126617,housenumber,30,addr
2595126684,source,BAG,regular
2595126684,city,Delft,addr
2595126684,street,Karibastraat,addr
2595126684,date,2014-10-30,source
2595126684,postcode,2622LK,addr
2595126684,housenumber,31,addr
2595126765,source,BAG,regular
2595126765,city,Delft,addr
2595126765,street,Aziëlaan,addr
2595126765,date,2014-10-30,source
2595126765,postcode,2622JN,addr
2595126765,housenumber,314,addr
2595126818,source,BAG,regular
2595126818,city,Delft,addr
2595126818,street,Roodborstlaan,addr
2595126818,date,2014-10-30,source
2595126818,postcode,2623HB,addr
2595126818,housenumber,32,addr
2595126868,source,BAG,regular
2595126868,city,Delft,addr
2595126868,street,Arendlaan,addr
2595126868,date,2014-10-30,source
2595126868,postcode,2623HT,addr
2595126868,housenumber,33,addr
2595126918,source,BAG,regular
2595126918,city,Delft,addr
2595126918,street,Pelikaansingel,addr
2595126918,date,2014-10-30,source
2595126918,postcode,2623JJ,addr
2595126918,housenumber,33,addr
2595126983,source,BAG,regular
2595126983,city,Delft,addr
2595126983,street,Egyptelaan,addr
2595126983,date,2014-10-30,source
2595126983,postcode,2622CL,addr
2595126983,housenumber,34,addr
2595127035,source,BAG,regular
2595127035,city,Delft,addr
2595127035,street,Arendlaan,addr
2595127035,date,2014-10-30,source
2595127035,postcode,2623HT,addr
2595127035,housenumber,35,addr
2595127087,source,BAG,regular
2595127087,city,Delft,addr
2595127087,street,Pijlstaartpad,addr
2595127087,date,2014-10-30,source
2595127087,postcode,2623MH,addr
2595127087,housenumber,35,addr
2595127267,source,BAG,regular
2595127267,city,Delft,addr
2595127267,street,Havannastraat,addr
2595127267,date,2014-10-30,source
2595127267,postcode,2622AJ,addr
2595127267,housenumber,36,addr
2595127318,source,BAG,regular
2595127318,city,Delft,addr
2595127318,street,Arendlaan,addr
2595127318,date,2014-10-30,source
2595127318,postcode,2623HT,addr
2595127318,housenumber,37,addr
2595127380,source,BAG,regular
2595127380,city,Delft,addr
2595127380,street,Roodborstlaan,addr
2595127380,date,2014-10-30,source
2595127380,postcode,2623HA,addr
2595127380,housenumber,37,addr
2595127509,source,BAG,regular
2595127509,city,Delft,addr
2595127509,street,Buizerdlaan,addr
2595127509,date,2014-10-30,source
2595127509,postcode,2623JS,addr
2595127509,housenumber,38,addr
2595127559,source,BAG,regular
2595127559,city,Delft,addr
2595127559,street,Rotterdamseweg,addr
2595127559,date,2014-10-30,source
2595127559,postcode,2629HG,addr
2595127559,housenumber,382C,addr
2595127612,source,BAG,regular
2595127612,city,Delft,addr
2595127612,street,Omanstraat,addr
2595127612,date,2014-10-30,source
2595127612,postcode,2622GW,addr
2595127612,housenumber,39,addr
2595127676,source,BAG,regular
2595127676,city,Delft,addr
2595127676,street,Bogotalaan,addr
2595127676,date,2014-10-30,source
2595127676,postcode,2622AB,addr
2595127676,housenumber,4,addr
2595127726,source,BAG,regular
2595127726,city,Delft,addr
2595127726,street,Kalkoenstraat,addr
2595127726,date,2014-10-30,source
2595127726,postcode,2623AN,addr
2595127726,housenumber,4,addr
2595127777,source,BAG,regular
2595127777,city,Delft,addr
2595127777,street,Rietgorsstraat,addr
2595127777,date,2014-10-30,source
2595127777,postcode,2623MD,addr
2595127777,housenumber,4,addr
2595127870,source,BAG,regular
2595127870,city,Delft,addr
2595127870,street,Buizerdlaan,addr
2595127870,date,2014-10-30,source
2595127870,postcode,2623JS,addr
2595127870,housenumber,40,addr
2595128020,source,BAG,regular
2595128020,city,Delft,addr
2595128020,street,Rotterdamseweg,addr
2595128020,date,2014-10-30,source
2595128020,postcode,2629HH,addr
2595128020,housenumber,400D,addr
2595128320,source,BAG,regular
2595128320,city,Delft,addr
2595128320,street,Israëllaan,addr
2595128320,date,2014-10-30,source
2595128320,postcode,2622HR,addr
2595128320,housenumber,41,addr
2595128646,source,BAG,regular
2595128646,city,Delft,addr
2595128646,street,Rotterdamseweg,addr
2595128646,date,2014-10-30,source
2595128646,postcode,2629HH,addr
2595128646,housenumber,418B,addr
2595128696,source,BAG,regular
2595128696,city,Delft,addr
2595128696,street,Zambezilaan,addr
2595128696,date,2014-10-30,source
2595128696,postcode,2622LG,addr
2595128696,housenumber,42,addr
2595128761,source,BAG,regular
2595128761,city,Delft,addr
2595128761,street,Lambarenestraat,addr
2595128761,date,2014-10-30,source
2595128761,postcode,2622DN,addr
2595128761,housenumber,43,addr
2595128811,source,BAG,regular
2595128811,city,Delft,addr
2595128811,street,Egelsingel,addr
2595128811,date,2014-10-30,source
2595128811,postcode,2623BL,addr
2595128811,housenumber,44,addr
2595128862,source,BAG,regular
2595128862,city,Delft,addr
2595128862,street,Dakarhof,addr
2595128862,date,2014-10-30,source
2595128862,postcode,2622CP,addr
2595128862,housenumber,45,addr
2595128915,source,BAG,regular
2595128915,city,Delft,addr
2595128915,street,Fuutlaan,addr
2595128915,date,2014-10-30,source
2595128915,postcode,2623MX,addr
2595128915,housenumber,45C,addr
2595128966,source,BAG,regular
2595128966,city,Delft,addr
2595128966,street,Rotterdamseweg,addr
2595128966,date,2014-10-30,source
2595128966,postcode,2629HJ,addr
2595128966,housenumber,466,addr
2595129017,source,BAG,regular
2595129017,city,Delft,addr
2595129017,street,Vinkenlaan,addr
2595129017,date,2014-10-30,source
2595129017,postcode,2623GG,addr
2595129017,housenumber,47,addr
2595129088,source,BAG,regular
2595129088,city,Delft,addr
2595129088,street,Veulenkamp,addr
2595129088,date,2014-10-30,source
2595129088,postcode,2623XD,addr
2595129088,housenumber,48,addr
2595129222,source,BAG,regular
2595129222,city,Delft,addr
2595129222,street,Zambezilaan,addr
2595129222,date,2014-10-30,source
2595129222,postcode,2622LH,addr
2595129222,housenumber,49,addr
2595129272,source,BAG,regular
2595129272,city,Delft,addr
2595129272,street,Fretstraat,addr
2595129272,date,2014-10-30,source
2595129272,postcode,2623CA,addr
2595129272,housenumber,5,addr
2595129322,source,BAG,regular
2595129322,city,Delft,addr
2595129322,street,Lumumbasingel,addr
2595129322,date,2014-10-30,source
2595129322,postcode,2622ED,addr
2595129322,housenumber,5,addr
2595129457,source,BAG,regular
2595129457,city,Delft,addr
2595129457,street,Tibetstraat,addr
2595129457,date,2014-10-30,source
2595129457,postcode,2622JV,addr
2595129457,housenumber,5,addr
2595129515,source,BAG,regular
2595129515,city,Delft,addr
2595129515,street,Nijlhof,addr
2595129515,date,2014-10-30,source
2595129515,postcode,2622CT,addr
2595129515,housenumber,50,addr
2595129565,source,BAG,regular
2595129565,city,Delft,addr
2595129565,street,Steltloperstraat,addr
2595129565,date,2014-10-30,source
2595129565,postcode,2623NV,addr
2595129565,housenumber,51,addr
2595129767,source,BAG,regular
2595129767,city,Delft,addr
2595129767,street,Angolastraat,addr
2595129767,date,2014-10-30,source
2595129767,postcode,2622EB,addr
2595129767,housenumber,53,addr
2595129817,source,BAG,regular
2595129817,city,Delft,addr
2595129817,street,Buizerdlaan,addr
2595129817,date,2014-10-30,source
2595129817,postcode,2623JS,addr
2595129817,housenumber,54,addr
2595129880,source,BAG,regular
2595129880,city,Delft,addr
2595129880,street,Kreekrugpad,addr
2595129880,date,2014-10-30,source
2595129880,postcode,2623CN,addr
2595129880,housenumber,55,addr
2595129942,source,BAG,regular
2595129942,city,Delft,addr
2595129942,street,Sandinoweg,addr
2595129942,date,2014-10-30,source
2595129942,postcode,2622DZ,addr
2595129942,housenumber,56,addr
2595130024,source,BAG,regular
2595130024,city,Delft,addr
2595130024,street,Zaïrestraat,addr
2595130024,date,2014-10-30,source
2595130024,postcode,2622ES,addr
2595130024,housenumber,57,addr
2595130084,source,BAG,regular
2595130084,city,Delft,addr
2595130084,street,Houtduifstraat,addr
2595130084,date,2014-10-30,source
2595130084,postcode,2623ER,addr
2595130084,housenumber,59,addr
2595130135,source,BAG,regular
2595130135,city,Delft,addr
2595130135,street,Adderhof,addr
2595130135,date,2014-10-30,source
2595130135,postcode,2623ET,addr
2595130135,housenumber,6,addr
2595130186,source,BAG,regular
2595130186,city,Delft,addr
2595130186,street,Ganzenhof,addr
2595130186,date,2014-10-30,source
2595130186,postcode,2623BD,addr
2595130186,housenumber,6,addr
2595130237,source,BAG,regular
2595130237,city,Delft,addr
2595130237,street,Marterstraat,addr
2595130237,date,2014-10-30,source
2595130237,postcode,2623EE,addr
2595130237,housenumber,6,addr
2595130287,source,BAG,regular
2595130287,city,Delft,addr
2595130287,street,Veulenkamp,addr
2595130287,date,2014-10-30,source
2595130287,postcode,2623XC,addr
2595130287,housenumber,6,addr
2595130347,source,BAG,regular
2595130347,city,Delft,addr
2595130347,street,Veulenkamp,addr
2595130347,date,2014-10-30,source
2595130347,postcode,2623XE,addr
2595130347,housenumber,60,addr
2595130407,source,BAG,regular
2595130407,city,Delft,addr
2595130407,street,Israëllaan,addr
2595130407,date,2014-10-30,source
2595130407,postcode,2622HP,addr
2595130407,housenumber,62,addr
2595130457,source,BAG,regular
2595130457,city,Delft,addr
2595130457,street,Straat van Ormoes,addr
2595130457,date,2014-10-30,source
2595130457,postcode,2622KC,addr
2595130457,housenumber,63,addr
2595130508,source,BAG,regular
2595130508,city,Delft,addr
2595130508,street,Jordaniëstraat,addr
2595130508,date,2014-10-30,source
2595130508,postcode,2622HX,addr
2595130508,housenumber,65,addr
2595130571,source,BAG,regular
2595130571,city,Delft,addr
2595130571,street,Arendlaan,addr
2595130571,date,2014-10-30,source
2595130571,postcode,2623JZ,addr
2595130571,housenumber,67,addr
2595130621,source,BAG,regular
2595130621,city,Delft,addr
2595130621,street,Pelikaansingel,addr
2595130621,date,2014-10-30,source
2595130621,postcode,2623JJ,addr
2595130621,housenumber,68,addr
2595130672,source,BAG,regular
2595130672,city,Delft,addr
2595130672,street,Algerijestraat,addr
2595130672,date,2014-10-30,source
2595130672,postcode,2622CC,addr
2595130672,housenumber,7,addr
2595130723,source,BAG,regular
2595130723,city,Delft,addr
2595130723,street,Haviksingel,addr
2595130723,date,2014-10-30,source
2595130723,postcode,2623HX,addr
2595130723,housenumber,7,addr
2595130779,source,BAG,regular
2595130779,city,Delft,addr
2595130779,street,Nasserstraat,addr
2595130779,date,2014-10-30,source
2595130779,postcode,2622EZ,addr
2595130779,housenumber,7,addr
2595130830,source,BAG,regular
2595130830,city,Delft,addr
2595130830,street,Watersnipstraat,addr
2595130830,date,2014-10-30,source
2595130830,postcode,2623LX,addr
2595130830,housenumber,7,addr
2595130922,source,BAG,regular
2595130922,city,Delft,addr
2595130922,street,Koekamp,addr
2595130922,date,2014-10-30,source
2595130922,postcode,2623XP,addr
2595130922,housenumber,71,addr
2595130986,source,BAG,regular
2595130986,city,Delft,addr
2595130986,street,Edelhertlaan,addr
2595130986,date,2014-10-30,source
2595130986,postcode,2623EN,addr
2595130986,housenumber,73,addr
2595131063,source,BAG,regular
2595131063,city,Delft,addr
2595131063,street,Jordaniëstraat,addr
2595131063,date,2014-10-30,source
2595131063,postcode,2622HZ,addr
2595131063,housenumber,75,addr
2595131174,source,BAG,regular
2595131174,city,Delft,addr
2595131174,street,Lepelaarstraat,addr
2595131174,date,2014-10-30,source
2595131174,postcode,2623JM,addr
2595131174,housenumber,77,addr
2595131274,source,BAG,regular
2595131274,city,Delft,addr
2595131274,street,Straat van Ormoes,addr
2595131274,date,2014-10-30,source
2595131274,postcode,2622KC,addr
2595131274,housenumber,79,addr
2595131345,source,BAG,regular
2595131345,city,Delft,addr
2595131345,street,Emiratenstraat,addr
2595131345,date,2014-10-30,source
2595131345,postcode,2622KE,addr
2595131345,housenumber,8,addr
2595131595,source,BAG,regular
2595131595,city,Delft,addr
2595131595,street,Libanonstraat,addr
2595131595,date,2014-10-30,source
2595131595,postcode,2622HS,addr
2595131595,housenumber,8,addr
2595131722,source,BAG,regular
2595131722,city,Delft,addr
2595131722,street,Tureluurpad,addr
2595131722,date,2014-10-30,source
2595131722,postcode,2623MP,addr
2595131722,housenumber,8,addr
2595131787,source,BAG,regular
2595131787,city,Delft,addr
2595131787,street,Kalfjeslaan,addr
2595131787,date,2014-10-30,source
2595131787,postcode,2623AD,addr
2595131787,housenumber,81,addr
2595131860,source,BAG,regular
2595131860,city,Delft,addr
2595131860,street,Sandinoweg,addr
2595131860,date,2014-10-30,source
2595131860,postcode,2622DW,addr
2595131860,housenumber,83,addr
2595131938,source,BAG,regular
2595131938,city,Delft,addr
2595131938,street,Zambezilaan,addr
2595131938,date,2014-10-30,source
2595131938,postcode,2622LH,addr
2595131938,housenumber,85,addr
2595132012,source,BAG,regular
2595132012,city,Delft,addr
2595132012,street,Schieweg,addr
2595132012,date,2014-10-30,source
2595132012,postcode,2627AT,addr
2595132012,housenumber,87J,addr
2595132306,source,BAG,regular
2595132306,city,Delft,addr
2595132306,street,Abtswoude,addr
2595132306,date,2014-10-30,source
2595132306,postcode,2623NB,addr
2595132306,housenumber,9,addr
2595132358,source,BAG,regular
2595132358,city,Delft,addr
2595132358,street,Havannastraat,addr
2595132358,date,2014-10-30,source
2595132358,postcode,2622AH,addr
2595132358,housenumber,9,addr
2595132426,source,BAG,regular
2595132426,city,Delft,addr
2595132426,street,Namibiëstraat,addr
2595132426,date,2014-10-30,source
2595132426,postcode,2622LD,addr
2595132426,housenumber,9,addr
2595132496,source,BAG,regular
2595132496,city,Delft,addr
2595132496,street,Wouwstraat,addr
2595132496,date,2014-10-30,source
2595132496,postcode,2623HJ,addr
2595132496,housenumber,9,addr
2595132546,source,BAG,regular
2595132546,city,Delft,addr
2595132546,street,Latijns-Amerikalaan,addr
2595132546,date,2014-10-30,source
2595132546,postcode,2622BD,addr
2595132546,housenumber,92,addr
2595132604,source,BAG,regular
2595132604,city,Delft,addr
2595132604,street,Kalfjeslaan,addr
2595132604,date,2014-10-30,source
2595132604,postcode,2623AD,addr
2595132604,housenumber,95,addr
2595132655,source,BAG,regular
2595132655,city,Delft,addr
2595132655,street,Lepelaarstraat,addr
2595132655,date,2014-10-30,source
2595132655,postcode,2623JN,addr
2595132655,housenumber,98,addr
2595181140,entrance,main,regular
2595367714,source,BAG,regular
2595367714,city,Delft,addr
2595367714,street,Aagje Dekenlaan,addr
2595367714,date,2014-10-30,source
2595367714,postcode,2624CB,addr
2595367714,housenumber,1,addr
2595368094,source,BAG,regular
2595368094,city,Den Hoorn,addr
2595368094,street,Hoornseweg,addr
2595368094,date,2014-10-30,source
2595368094,postcode,2635CM,addr
2595368094,housenumber,1,addr
2595368421,source,BAG,regular
2595368421,city,Delft,addr
2595368421,street,Schubertlaan,addr
2595368421,date,2014-10-30,source
2595368421,postcode,2625VA,addr
2595368421,housenumber,1,addr
2595368692,source,BAG,regular
2595368692,city,Delft,addr
2595368692,street,Brahmslaan,addr
2595368692,date,2014-10-30,source
2595368692,postcode,2625BW,addr
2595368692,housenumber,10,addr
2595369206,source,BAG,regular
2595369206,city,Delft,addr
2595369206,street,Louis Couperuslaan,addr
2595369206,date,2014-10-30,source
2595369206,postcode,2624WT,addr
2595369206,housenumber,10,addr
2595369771,source,BAG,regular
2595369771,city,Delft,addr
2595369771,street,Volmolen,addr
2595369771,date,2014-10-30,source
2595369771,postcode,2614LS,addr
2595369771,housenumber,10,addr
2595370119,source,BAG,regular
2595370119,city,Delft,addr
2595370119,street,Schubertlaan,addr
2595370119,date,2014-10-30,source
2595370119,postcode,2625VH,addr
2595370119,housenumber,100,addr
2595370169,source,BAG,regular
2595370169,city,Delft,addr
2595370169,street,Minervaweg,addr
2595370169,date,2014-10-30,source
2595370169,postcode,2624BZ,addr
2595370169,housenumber,101,addr
2595370220,source,BAG,regular
2595370220,city,Delft,addr
2595370220,street,Foulkeslaan,addr
2595370220,date,2014-10-30,source
2595370220,postcode,2625RB,addr
2595370220,housenumber,102,addr
2595370354,source,BAG,regular
2595370354,city,Delft,addr
2595370354,street,Bosboom-Toussaintplein,addr
2595370354,date,2014-10-30,source
2595370354,postcode,2624DH,addr
2595370354,housenumber,103,addr
2595370421,source,BAG,regular
2595370421,city,Delft,addr
2595370421,street,Aart van der Leeuwlaan,addr
2595370421,date,2014-10-30,source
2595370421,postcode,2624MA,addr
2595370421,housenumber,1036,addr
2595370541,source,BAG,regular
2595370541,city,Delft,addr
2595370541,street,Aart van der Leeuwlaan,addr
2595370541,date,2014-10-30,source
2595370541,postcode,2624MA,addr
2595370541,housenumber,1040,addr
2595370841,source,BAG,regular
2595370841,city,Delft,addr
2595370841,street,Schubertlaan,addr
2595370841,date,2014-10-30,source
2595370841,postcode,2625VC,addr
2595370841,housenumber,105,addr
2595371132,source,BAG,regular
2595371132,city,Delft,addr
2595371132,street,Lodewijk van Deysselhof,addr
2595371132,date,2014-10-30,source
2595371132,postcode,2624WK,addr
2595371132,housenumber,106,addr
2595371189,source,BAG,regular
2595371189,city,Delft,addr
2595371189,street,Isaäc da Costalaan,addr
2595371189,date,2014-10-30,source
2595371189,postcode,2624XT,addr
2595371189,housenumber,107,addr
2595371323,source,BAG,regular
2595371323,city,Delft,addr
2595371323,street,César Franckstraat,addr
2595371323,date,2014-10-30,source
2595371323,postcode,2625CB,addr
2595371323,housenumber,108,addr
2595371484,source,BAG,regular
2595371484,city,Delft,addr
2595371484,street,Bosboom-Toussaintplein,addr
2595371484,date,2014-10-30,source
2595371484,postcode,2624DH,addr
2595371484,housenumber,109,addr
2595371699,source,BAG,regular
2595371699,city,Delft,addr
2595371699,street,Roland Holstlaan,addr
2595371699,date,2014-10-30,source
2595371699,postcode,2624KM,addr
2595371699,housenumber,1097,addr
2595371793,source,BAG,regular
2595371793,city,Delft,addr
2595371793,street,Hendrik Marsmanlaan,addr
2595371793,date,2014-10-30,source
2595371793,postcode,2624TJ,addr
2595371793,housenumber,11,addr
2595371851,source,BAG,regular
2595371851,city,Delft,addr
2595371851,street,Strawinskylaan,addr
2595371851,date,2014-10-30,source
2595371851,postcode,2625NC,addr
2595371851,housenumber,11,addr
2595371927,source,BAG,regular
2595371927,city,Delft,addr
2595371927,street,Lodewijk van Deysselhof,addr
2595371927,date,2014-10-30,source
2595371927,postcode,2624WK,addr
2595371927,housenumber,110,addr
2595371983,source,BAG,regular
2595371983,city,Delft,addr
2595371983,street,Isaäc da Costalaan,addr
2595371983,date,2014-10-30,source
2595371983,postcode,2624XT,addr
2595371983,housenumber,111,addr
2595372036,source,BAG,regular
2595372036,city,Delft,addr
2595372036,street,César Franckstraat,addr
2595372036,date,2014-10-30,source
2595372036,postcode,2625CB,addr
2595372036,housenumber,112,addr
2595372097,source,BAG,regular
2595372097,city,Delft,addr
2595372097,street,Akropolishof,addr
2595372097,date,2014-10-30,source
2595372097,postcode,2624NL,addr
2595372097,housenumber,113,addr
2595372177,source,BAG,regular
2595372177,city,Delft,addr
2595372177,street,Roland Holstlaan,addr
2595372177,date,2014-10-30,source
2595372177,postcode,2624KN,addr
2595372177,housenumber,1135,addr
2595372228,source,BAG,regular
2595372228,city,Delft,addr
2595372228,street,Roland Holstlaan,addr
2595372228,date,2014-10-30,source
2595372228,postcode,2624JT,addr
2595372228,housenumber,1142,addr
2595372280,source,BAG,regular
2595372280,city,Delft,addr
2595372280,street,Zjoekowlaan,addr
2595372280,date,2014-10-30,source
2595372280,postcode,2625PL,addr
2595372280,housenumber,115,addr
2595372331,source,BAG,regular
2595372331,city,Delft,addr
2595372331,street,Roland Holstlaan,addr
2595372331,date,2014-10-30,source
2595372331,postcode,2624KP,addr
2595372331,housenumber,1165,addr
2595372437,source,BAG,regular
2595372437,city,Delft,addr
2595372437,street,Roland Holstlaan,addr
2595372437,date,2014-10-30,source
2595372437,postcode,2624KP,addr
2595372437,housenumber,1179,addr
2595372689,source,BAG,regular
2595372689,city,Delft,addr
2595372689,street,Arthur van Schendelplein,addr
2595372689,date,2014-10-30,source
2595372689,postcode,2624CV,addr
2595372689,housenumber,119,addr
2595372966,source,BAG,regular
2595372966,city,Den Hoorn,addr
2595372966,street,Kapellaan,addr
2595372966,date,2014-10-30,source
2595372966,postcode,2635DA,addr
2595372966,housenumber,11a,addr
2595373211,source,BAG,regular
2595373211,city,Delft,addr
2595373211,street,Hendrik Marsmanlaan,addr
2595373211,date,2014-10-30,source
2595373211,postcode,2624TK,addr
2595373211,housenumber,12,addr
2595373461,source,BAG,regular
2595373461,city,Delft,addr
2595373461,street,Simon Vestdijklaan,addr
2595373461,date,2014-10-30,source
2595373461,postcode,2624MD,addr
2595373461,housenumber,12,addr
2595373704,source,BAG,regular
2595373704,city,Delft,addr
2595373704,street,Lodewijk van Deysselhof,addr
2595373704,date,2014-10-30,source
2595373704,postcode,2624WK,addr
2595373704,housenumber,120,addr
2595373831,source,BAG,regular
2595373831,city,Delft,addr
2595373831,street,Papsouwselaan,addr
2595373831,date,2014-10-30,source
2595373831,postcode,2624AK,addr
2595373831,housenumber,121,addr
2595373882,source,BAG,regular
2595373882,city,Delft,addr
2595373882,street,Raad van Europalaan,addr
2595373882,date,2014-10-30,source
2595373882,postcode,2625PC,addr
2595373882,housenumber,122,addr
2595373954,source,BAG,regular
2595373954,city,Delft,addr
2595373954,street,Schubertlaan,addr
2595373954,date,2014-10-30,source
2595373954,postcode,2625VD,addr
2595373954,housenumber,123,addr
2595374029,source,BAG,regular
2595374029,city,Delft,addr
2595374029,street,Wilhelminalaan,addr
2595374029,date,2014-10-30,source
2595374029,postcode,2625KJ,addr
2595374029,housenumber,124,addr
2595374092,source,BAG,regular
2595374092,city,Delft,addr
2595374092,street,Aart van der Leeuwlaan,addr
2595374092,date,2014-10-30,source
2595374092,postcode,2624LG,addr
2595374092,housenumber,126,addr
2595374244,source,BAG,regular
2595374244,city,Delft,addr
2595374244,street,Diepenbrockstraat,addr
2595374244,date,2014-10-30,source
2595374244,postcode,2625XK,addr
2595374244,housenumber,127,addr
2595374295,source,BAG,regular
2595374295,city,Delft,addr
2595374295,street,Lodewijk van Deysselhof,addr
2595374295,date,2014-10-30,source
2595374295,postcode,2624WL,addr
2595374295,housenumber,128,addr
2595374345,source,BAG,regular
2595374345,city,Delft,addr
2595374345,street,Willem Bilderdijkhof,addr
2595374345,date,2014-10-30,source
2595374345,postcode,2624ZL,addr
2595374345,housenumber,129,addr
2595374465,source,BAG,regular
2595374465,city,Delft,addr
2595374465,street,Ina Boudier-Bakkerstraat,addr
2595374465,date,2014-10-30,source
2595374465,postcode,2624NX,addr
2595374465,housenumber,13,addr
2595374717,source,BAG,regular
2595374717,city,Delft,addr
2595374717,street,Volmolen,addr
2595374717,date,2014-10-30,source
2595374717,postcode,2614LS,addr
2595374717,housenumber,13,addr
2595374845,source,BAG,regular
2595374845,city,Delft,addr
2595374845,street,Schubertlaan,addr
2595374845,date,2014-10-30,source
2595374845,postcode,2625VH,addr
2595374845,housenumber,130A,addr
2595374900,source,BAG,regular
2595374900,city,Delft,addr
2595374900,street,Diepenbrockstraat,addr
2595374900,date,2014-10-30,source
2595374900,postcode,2625VZ,addr
2595374900,housenumber,132,addr
2595374959,source,BAG,regular
2595374959,city,Delft,addr
2595374959,street,Juniusstraat,addr
2595374959,date,2014-10-30,source
2595374959,postcode,2625WZ,addr
2595374959,housenumber,133,addr
2595375016,source,BAG,regular
2595375016,city,Delft,addr
2595375016,street,Van Hasseltlaan,addr
2595375016,date,2014-10-30,source
2595375016,postcode,2625HH,addr
2595375016,housenumber,134,addr
2595375067,source,BAG,regular
2595375067,city,Delft,addr
2595375067,street,Chopinlaan,addr
2595375067,date,2014-10-30,source
2595375067,postcode,2625WE,addr
2595375067,housenumber,136,addr
2595375135,source,BAG,regular
2595375135,city,Delft,addr
2595375135,street,Jan Campertlaan,addr
2595375135,date,2014-10-30,source
2595375135,postcode,2624PB,addr
2595375135,housenumber,137,addr
2595375196,source,BAG,regular
2595375196,city,Delft,addr
2595375196,street,Reinier de Graafweg,addr
2595375196,date,2014-10-30,source
2595375196,postcode,2625DD,addr
2595375196,housenumber,138,addr
2595375256,source,BAG,regular
2595375256,city,Delft,addr
2595375256,street,Wagenaarstraat,addr
2595375256,date,2014-10-30,source
2595375256,postcode,2625VM,addr
2595375256,housenumber,13B,addr
2595375327,source,BAG,regular
2595375327,city,Delft,addr
2595375327,street,Isaäc da Costalaan,addr
2595375327,date,2014-10-30,source
2595375327,postcode,2624ZD,addr
2595375327,housenumber,14,addr
2595375397,source,BAG,regular
2595375397,city,Delft,addr
2595375397,street,Van der Kamlaan,addr
2595375397,date,2014-10-30,source
2595375397,postcode,2625KL,addr
2595375397,housenumber,14,addr
2595375480,source,BAG,regular
2595375480,city,Delft,addr
2595375480,street,Schubertlaan,addr
2595375480,date,2014-10-30,source
2595375480,postcode,2625VH,addr
2595375480,housenumber,140A,addr
2595375542,source,BAG,regular
2595375542,city,Delft,addr
2595375542,street,Duke Ellingtonstraat,addr
2595375542,date,2014-10-30,source
2595375542,postcode,2625GB,addr
2595375542,housenumber,142,addr
2595375592,source,BAG,regular
2595375592,city,Delft,addr
2595375592,street,Papsouwselaan,addr
2595375592,date,2014-10-30,source
2595375592,postcode,2624AL,addr
2595375592,housenumber,143,addr
2595375643,source,BAG,regular
2595375643,city,Delft,addr
2595375643,street,Chopinlaan,addr
2595375643,date,2014-10-30,source
2595375643,postcode,2625TH,addr
2595375643,housenumber,145,addr
2595375740,source,BAG,regular
2595375740,city,Delft,addr
2595375740,street,Montgomerylaan,addr
2595375740,date,2014-10-30,source
2595375740,postcode,2625PS,addr
2595375740,housenumber,146,addr
2595375843,source,BAG,regular
2595375843,city,Delft,addr
2595375843,street,Burgemeestersrand,addr
2595375843,date,2014-10-30,source
2595375843,postcode,2625NZ,addr
2595375843,housenumber,148,addr
2595376017,source,BAG,regular
2595376017,city,Delft,addr
2595376017,street,Menno ter Braaklaan,addr
2595376017,date,2014-10-30,source
2595376017,postcode,2624TD,addr
2595376017,housenumber,149,addr
2595376067,source,BAG,regular
2595376067,city,Delft,addr
2595376067,street,Guido Gezellelaan,addr
2595376067,date,2014-10-30,source
2595376067,postcode,2624KT,addr
2595376067,housenumber,15,addr
2595376211,source,BAG,regular
2595376211,city,Delft,addr
2595376211,street,Van Hasseltplein,addr
2595376211,date,2014-10-30,source
2595376211,postcode,2625JT,addr
2595376211,housenumber,15,addr
2595376262,source,BAG,regular
2595376262,city,Delft,addr
2595376262,street,Arthur van Schendelplein,addr
2595376262,date,2014-10-30,source
2595376262,postcode,2624CW,addr
2595376262,housenumber,151,addr
2595376313,source,BAG,regular
2595376313,city,Delft,addr
2595376313,street,Lisztstraat,addr
2595376313,date,2014-10-30,source
2595376313,postcode,2625BP,addr
2595376313,housenumber,152,addr
2595376365,source,BAG,regular
2595376365,city,Delft,addr
2595376365,street,Buitenhofdreef,addr
2595376365,date,2014-10-30,source
2595376365,postcode,2625XV,addr
2595376365,housenumber,154,addr
2595376419,source,BAG,regular
2595376419,city,Delft,addr
2595376419,street,Menno ter Braaklaan,addr
2595376419,date,2014-10-30,source
2595376419,postcode,2624TD,addr
2595376419,housenumber,155,addr
2595376537,source,BAG,regular
2595376537,city,Delft,addr
2595376537,street,Diepenbrockstraat,addr
2595376537,date,2014-10-30,source
2595376537,postcode,2625XK,addr
2595376537,housenumber,157,addr
2595377020,source,BAG,regular
2595377020,city,Delft,addr
2595377020,street,Poptahof Noord,addr
2595377020,date,2014-10-30,source
2595377020,postcode,2624RE,addr
2595377020,housenumber,158,addr
2595377177,source,BAG,regular
2595377177,city,Delft,addr
2595377177,street,Betje Wolfflaan,addr
2595377177,date,2014-10-30,source
2595377177,postcode,2624DB,addr
2595377177,housenumber,16,addr
2595377443,source,BAG,regular
2595377443,city,Delft,addr
2595377443,street,Lodewijk van Deysselhof,addr
2595377443,date,2014-10-30,source
2595377443,postcode,2624WE,addr
2595377443,housenumber,16,addr
2595377636,source,BAG,regular
2595377636,city,Delft,addr
2595377636,street,Zomerdijkhof,addr
2595377636,date,2014-10-30,source
2595377636,postcode,2625LD,addr
2595377636,housenumber,16,addr
2595377687,source,BAG,regular
2595377687,city,Delft,addr
2595377687,street,Jan Campertlaan,addr
2595377687,date,2014-10-30,source
2595377687,postcode,2624PC,addr
2595377687,housenumber,161,addr
2595377738,source,BAG,regular
2595377738,city,Delft,addr
2595377738,street,Chopinlaan,addr
2595377738,date,2014-10-30,source
2595377738,postcode,2625TH,addr
2595377738,housenumber,163,addr
2595377793,source,BAG,regular
2595377793,city,Delft,addr
2595377793,street,Papsouwselaan,addr
2595377793,date,2014-10-30,source
2595377793,postcode,2624EE,addr
2595377793,housenumber,164,addr
2595405634,source,BAG,regular
2595405634,city,Delft,addr
2595405634,street,Dirk Costerplein,addr
2595405634,date,2014-10-30,source
2595405634,postcode,2624TX,addr
2595405634,housenumber,166,addr
2595405877,source,BAG,regular
2595405877,city,Delft,addr
2595405877,street,Chopinlaan,addr
2595405877,date,2014-10-30,source
2595405877,postcode,2625WG,addr
2595405877,housenumber,168,addr
2595406298,source,BAG,regular
2595406298,city,Delft,addr
2595406298,street,Akropolishof,addr
2595406298,date,2014-10-30,source
2595406298,postcode,2624NJ,addr
2595406298,housenumber,17,addr
2595406523,source,BAG,regular
2595406523,city,Delft,addr
2595406523,street,Lisztstraat,addr
2595406523,date,2014-10-30,source
2595406523,postcode,2625BJ,addr
2595406523,housenumber,17,addr
2595406811,source,BAG,regular
2595406811,city,Delft,addr
2595406811,street,Burgemeestersrand,addr
2595406811,date,2014-10-30,source
2595406811,postcode,2625NZ,addr
2595406811,housenumber,170,addr
2595407064,source,BAG,regular
2595407064,city,Delft,addr
2595407064,street,Arthur van Schendelplein,addr
2595407064,date,2014-10-30,source
2595407064,postcode,2624CX,addr
2595407064,housenumber,172,addr
2595407125,source,BAG,regular
2595407125,city,Delft,addr
2595407125,street,Van Hasseltlaan,addr
2595407125,date,2014-10-30,source
2595407125,postcode,2625HK,addr
2595407125,housenumber,173,addr
2595407176,source,BAG,regular
2595407176,city,Delft,addr
2595407176,street,Poptahof Noord,addr
2595407176,date,2014-10-30,source
2595407176,postcode,2624RG,addr
2595407176,housenumber,175,addr
2595407253,source,BAG,regular
2595407253,city,Delft,addr
2595407253,street,Lisztstraat,addr
2595407253,date,2014-10-30,source
2595407253,postcode,2625BR,addr
2595407253,housenumber,177,addr
2595407360,source,BAG,regular
2595407360,city,Delft,addr
2595407360,street,Jan Campertlaan,addr
2595407360,date,2014-10-30,source
2595407360,postcode,2624PC,addr
2595407360,housenumber,179,addr
2595407526,source,BAG,regular
2595407526,city,Delft,addr
2595407526,street,Hendrik Marsmanlaan,addr
2595407526,date,2014-10-30,source
2595407526,postcode,2624TK,addr
2595407526,housenumber,18,addr
2595407578,source,BAG,regular
2595407578,city,Den Hoorn,addr
2595407578,street,Voorhaven,addr
2595407578,date,2014-10-30,source
2595407578,postcode,2635GH,addr
2595407578,housenumber,18,addr
2595407894,source,BAG,regular
2595407894,city,Delft,addr
2595407894,street,Händellaan,addr
2595407894,date,2014-10-30,source
2595407894,postcode,2625SE,addr
2595407894,housenumber,181,addr
2595408241,source,BAG,regular
2595408241,city,Delft,addr
2595408241,street,Griegstraat,addr
2595408241,date,2014-10-30,source
2595408241,postcode,2625AL,addr
2595408241,housenumber,183,addr
2595408589,source,BAG,regular
2595408589,city,Delft,addr
2595408589,street,Händellaan,addr
2595408589,date,2014-10-30,source
2595408589,postcode,2625SE,addr
2595408589,housenumber,185,addr
2595408645,source,BAG,regular
2595408645,city,Delft,addr
2595408645,street,Isaäc da Costalaan,addr
2595408645,date,2014-10-30,source
2595408645,postcode,2624XW,addr
2595408645,housenumber,187,addr
2595408703,source,BAG,regular
2595408703,city,Delft,addr
2595408703,street,J.J. Slauerhofflaan,addr
2595408703,date,2014-10-30,source
2595408703,postcode,2624JZ,addr
2595408703,housenumber,189,addr
2595408772,source,BAG,regular
2595408772,city,Delft,addr
2595408772,street,Hermesstraat,addr
2595408772,date,2014-10-30,source
2595408772,postcode,2624BG,addr
2595408772,housenumber,19,addr
2595408867,source,BAG,regular
2595408867,city,Delft,addr
2595408867,street,Willem Bilderdijkhof,addr
2595408867,date,2014-10-30,source
2595408867,postcode,2624ZE,addr
2595408867,housenumber,19,addr
2595408967,source,BAG,regular
2595408967,city,Delft,addr
2595408967,street,Pijperring,addr
2595408967,date,2014-10-30,source
2595408967,postcode,2625EN,addr
2595408967,housenumber,191,addr
2595409019,source,BAG,regular
2595409019,city,Delft,addr
2595409019,street,Aart van der Leeuwlaan,addr
2595409019,date,2014-10-30,source
2595409019,postcode,2624LH,addr
2595409019,housenumber,194,addr
2595409071,source,BAG,regular
2595409071,city,Delft,addr
2595409071,street,Beethovenlaan,addr
2595409071,date,2014-10-30,source
2595409071,postcode,2625RW,addr
2595409071,housenumber,196,addr
2595409123,source,BAG,regular
2595409123,city,Delft,addr
2595409123,street,E. du Perronlaan,addr
2595409123,date,2014-10-30,source
2595409123,postcode,2624NB,addr
2595409123,housenumber,198,addr
2595409173,source,BAG,regular
2595409173,city,Delft,addr
2595409173,street,Adenauerlaan,addr
2595409173,date,2014-10-30,source
2595409173,postcode,2625PD,addr
2595409173,housenumber,2,addr
2595409223,source,BAG,regular
2595409223,city,Delft,addr
2595409223,street,Jacob van Lenneppad,addr
2595409223,date,2014-10-30,source
2595409223,postcode,2624TN,addr
2595409223,housenumber,2,addr
2595409281,source,BAG,regular
2595409281,city,Delft,addr
2595409281,street,Strawinskylaan,addr
2595409281,date,2014-10-30,source
2595409281,postcode,2625NE,addr
2595409281,housenumber,2,addr
2595409332,source,BAG,regular
2595409332,city,Delft,addr
2595409332,street,De Hoop,addr
2595409332,date,2014-10-30,source
2595409332,postcode,2614LW,addr
2595409332,housenumber,20,addr
2595409450,source,BAG,regular
2595409450,city,Delft,addr
2595409450,street,Papsouwselaan,addr
2595409450,date,2014-10-30,source
2595409450,postcode,2624EA,addr
2595409450,housenumber,20,addr
2595409717,source,BAG,regular
2595409717,city,Delft,addr
2595409717,street,Van Hasseltlaan,addr
2595409717,date,2014-10-30,source
2595409717,postcode,2625HL,addr
2595409717,housenumber,200,addr
2595410013,source,BAG,regular
2595410013,city,Delft,addr
2595410013,street,Duke Ellingtonstraat,addr
2595410013,date,2014-10-30,source
2595410013,postcode,2625GC,addr
2595410013,housenumber,203,addr
2595410182,source,BAG,regular
2595410182,city,Delft,addr
2595410182,street,Roland Holstlaan,addr
2595410182,date,2014-10-30,source
2595410182,postcode,2624HE,addr
2595410182,housenumber,205,addr
2595410296,source,BAG,regular
2595410296,city,Delft,addr
2595410296,street,Buitenhofdreef,addr
2595410296,date,2014-10-30,source
2595410296,postcode,2625XW,addr
2595410296,housenumber,208,addr
2595410347,source,BAG,regular
2595410347,city,Delft,addr
2595410347,street,Bizetstraat,addr
2595410347,date,2014-10-30,source
2595410347,postcode,2625AV,addr
2595410347,housenumber,21,addr
2595410397,source,BAG,regular
2595410397,city,Delft,addr
2595410397,street,Nicolaas Beetslaan,addr
2595410397,date,2014-10-30,source
2595410397,postcode,2624XM,addr
2595410397,housenumber,21,addr
2595410450,source,BAG,regular
2595410450,city,Delft,addr
2595410450,street,Pijperring,addr
2595410450,date,2014-10-30,source
2595410450,postcode,2625EP,addr
2595410450,housenumber,210,addr
2595410502,source,BAG,regular
2595410502,city,Delft,addr
2595410502,street,Beethovenlaan,addr
2595410502,date,2014-10-30,source
2595410502,postcode,2625RM,addr
2595410502,housenumber,213,addr
2595410597,source,BAG,regular
2595410597,city,Delft,addr
2595410597,street,Pijperring,addr
2595410597,date,2014-10-30,source
2595410597,postcode,2625ER,addr
2595410597,housenumber,215,addr
2595410693,source,BAG,regular
2595410693,city,Delft,addr
2595410693,street,Chopinlaan,addr
2595410693,date,2014-10-30,source
2595410693,postcode,2625WJ,addr
2595410693,housenumber,218,addr
2595410778,source,BAG,regular
2595410778,city,Delft,addr
2595410778,street,Burgemeestersrand,addr
2595410778,date,2014-10-30,source
2595410778,postcode,2625NW,addr
2595410778,housenumber,22,addr
2595410858,source,BAG,regular
2595410858,city,Den Hoorn,addr
2595410858,street,Oude Veiling,addr
2595410858,date,2014-10-30,source
2595410858,postcode,2635GJ,addr
2595410858,housenumber,22,addr
2595410937,source,BAG,regular
2595410937,city,Delft,addr
2595410937,street,Van Hasseltlaan,addr
2595410937,date,2014-10-30,source
2595410937,postcode,2625HN,addr
2595410937,housenumber,220,addr
2595411164,source,BAG,regular
2595411164,city,Delft,addr
2595411164,street,Isaäc da Costalaan,addr
2595411164,date,2014-10-30,source
2595411164,postcode,2624XX,addr
2595411164,housenumber,223,addr
2595411229,source,BAG,regular
2595411229,city,Delft,addr
2595411229,street,E. du Perronlaan,addr
2595411229,date,2014-10-30,source
2595411229,postcode,2624NB,addr
2595411229,housenumber,226,addr
2595411280,source,BAG,regular
2595411280,city,Delft,addr
2595411280,street,Beethovenlaan,addr
2595411280,date,2014-10-30,source
2595411280,postcode,2625RM,addr
2595411280,housenumber,229,addr
2595411344,source,BAG,regular
2595411344,city,Delft,addr
2595411344,street,Guido Gezellelaan,addr
2595411344,date,2014-10-30,source
2595411344,postcode,2624KV,addr
2595411344,housenumber,23,addr
2595411394,source,BAG,regular
2595411394,city,Delft,addr
2595411394,street,Volmolen,addr
2595411394,date,2014-10-30,source
2595411394,postcode,2614LS,addr
2595411394,housenumber,23,addr
2595411487,source,BAG,regular
2595411487,city,Delft,addr
2595411487,street,Chopinlaan,addr
2595411487,date,2014-10-30,source
2595411487,postcode,2625WJ,addr
2595411487,housenumber,232,addr
2595411547,source,BAG,regular
2595411547,city,Delft,addr
2595411547,street,Troelstralaan,addr
2595411547,date,2014-10-30,source
2595411547,postcode,2624GB,addr
2595411547,housenumber,234,addr
2595411604,source,BAG,regular
2595411604,city,Delft,addr
2595411604,street,Poptahof Noord,addr
2595411604,date,2014-10-30,source
2595411604,postcode,2624RK,addr
2595411604,housenumber,237,addr
2595411655,source,BAG,regular
2595411655,city,Delft,addr
2595411655,street,Bizetstraat,addr
2595411655,date,2014-10-30,source
2595411655,postcode,2625AX,addr
2595411655,housenumber,24,addr
2595411705,source,BAG,regular
2595411705,city,Delft,addr
2595411705,street,Nicolaas Beetslaan,addr
2595411705,date,2014-10-30,source
2595411705,postcode,2624XP,addr
2595411705,housenumber,24,addr
2595411759,source,BAG,regular
2595411759,city,Delft,addr
2595411759,street,Bosboom-Toussaintplein,addr
2595411759,date,2014-10-30,source
2595411759,postcode,2624DP,addr
2595411759,housenumber,241,addr
2595411894,source,BAG,regular
2595411894,city,Delft,addr
2595411894,street,Artemisstraat,addr
2595411894,date,2014-10-30,source
2595411894,postcode,2624ZW,addr
2595411894,housenumber,244,addr
2595411949,source,BAG,regular
2595411949,city,Delft,addr
2595411949,street,Van Hasseltlaan,addr
2595411949,date,2014-10-30,source
2595411949,postcode,2625HR,addr
2595411949,housenumber,246,addr
2595412002,source,BAG,regular
2595412002,city,Delft,addr
2595412002,street,A.M. de Jonglaan,addr
2595412002,date,2014-10-30,source
2595412002,postcode,2624LB,addr
2595412002,housenumber,25,addr
2595412066,source,BAG,regular
2595412066,city,Delft,addr
2595412066,street,Louis Couperuslaan,addr
2595412066,date,2014-10-30,source
2595412066,postcode,2624WR,addr
2595412066,housenumber,25,addr
2595412117,source,BAG,regular
2595412117,city,Delft,addr
2595412117,street,Pijperring,addr
2595412117,date,2014-10-30,source
2595412117,postcode,2625ES,addr
2595412117,housenumber,250,addr
2595412169,source,BAG,regular
2595412169,city,Delft,addr
2595412169,street,Artemisstraat,addr
2595412169,date,2014-10-30,source
2595412169,postcode,2624ZX,addr
2595412169,housenumber,254,addr
2595412231,source,BAG,regular
2595412231,city,Delft,addr
2595412231,street,Aart van der Leeuwlaan,addr
2595412231,date,2014-10-30,source
2595412231,postcode,2624PS,addr
2595412231,housenumber,257,addr
2595412286,source,BAG,regular
2595412286,city,Delft,addr
2595412286,street,Vulcanusweg,addr
2595412286,date,2014-10-30,source
2595412286,postcode,2624AV,addr
2595412286,housenumber,259B,addr
2595412336,source,BAG,regular
2595412336,city,Delft,addr
2595412336,street,Industriestraat,addr
2595412336,date,2014-10-30,source
2595412336,postcode,2624BB,addr
2595412336,housenumber,26,addr
2595412387,source,BAG,regular
2595412387,city,Delft,addr
2595412387,street,Herculesweg,addr
2595412387,date,2014-10-30,source
2595412387,postcode,2624WC,addr
2595412387,housenumber,260,addr
2595412438,source,BAG,regular
2595412438,city,Delft,addr
2595412438,street,Herculesweg,addr
2595412438,date,2014-10-30,source
2595412438,postcode,2624WC,addr
2595412438,housenumber,263,addr
2595412490,source,BAG,regular
2595412490,city,Delft,addr
2595412490,street,Diepenbrockstraat,addr
2595412490,date,2014-10-30,source
2595412490,postcode,2625XD,addr
2595412490,housenumber,266,addr
2595412541,source,BAG,regular
2595412541,city,Delft,addr
2595412541,street,Pijperring,addr
2595412541,date,2014-10-30,source
2595412541,postcode,2625EV,addr
2595412541,housenumber,269,addr
2595412612,source,BAG,regular
2595412612,city,Den Hoorn,addr
2595412612,street,Kloosterpad,addr
2595412612,date,2014-10-30,source
2595412612,postcode,2635DE,addr
2595412612,housenumber,27,addr
2595412699,source,BAG,regular
2595412699,city,Delft,addr
2595412699,street,Mozartlaan,addr
2595412699,date,2014-10-30,source
2595412699,postcode,2625CN,addr
2595412699,housenumber,270,addr
2595412756,source,BAG,regular
2595412756,city,Delft,addr
2595412756,street,Poptahof Noord,addr
2595412756,date,2014-10-30,source
2595412756,postcode,2624RM,addr
2595412756,housenumber,273,addr
2595412843,source,BAG,regular
2595412843,city,Delft,addr
2595412843,street,Reinier de Graafweg,addr
2595412843,date,2014-10-30,source
2595412843,postcode,2625DJ,addr
2595412843,housenumber,276,addr
2595412950,source,BAG,regular
2595412950,city,Delft,addr
2595412950,street,Adama van Scheltemaplein,addr
2595412950,date,2014-10-30,source
2595412950,postcode,2624PG,addr
2595412950,housenumber,28,addr
2595413183,source,BAG,regular
2595413183,city,Delft,addr
2595413183,street,Mahlerstraat,addr
2595413183,date,2014-10-30,source
2595413183,postcode,2625AS,addr
2595413183,housenumber,28,addr
2595413395,source,BAG,regular
2595413395,city,Delft,addr
2595413395,street,Dirk Costerplein,addr
2595413395,date,2014-10-30,source
2595413395,postcode,2624VC,addr
2595413395,housenumber,281,addr
2595413674,source,BAG,regular
2595413674,city,Delft,addr
2595413674,street,Händellaan,addr
2595413674,date,2014-10-30,source
2595413674,postcode,2625SJ,addr
2595413674,housenumber,285,addr
2595414124,source,BAG,regular
2595414124,city,Delft,addr
2595414124,street,Aart van der Leeuwlaan,addr
2595414124,date,2014-10-30,source
2595414124,postcode,2624PK,addr
2595414124,housenumber,29,addr
2595414502,source,BAG,regular
2595414502,city,Delft,addr
2595414502,street,Molensingel,addr
2595414502,date,2014-10-30,source
2595414502,postcode,2614LA,addr
2595414502,housenumber,29,addr
2595414748,source,BAG,regular
2595414748,city,Delft,addr
2595414748,street,Chopinlaan,addr
2595414748,date,2014-10-30,source
2595414748,postcode,2625WK,addr
2595414748,housenumber,292,addr
2595414994,source,BAG,regular
2595414994,city,Delft,addr
2595414994,street,Roland Holstlaan,addr
2595414994,date,2014-10-30,source
2595414994,postcode,2624HH,addr
2595414994,housenumber,297,addr
2595415412,source,BAG,regular
2595415412,city,Delft,addr
2595415412,street,Brittenpad,addr
2595415412,date,2014-10-30,source
2595415412,postcode,2625ZD,addr
2595415412,housenumber,3,addr
2595415861,source,BAG,regular
2595415861,city,Delft,addr
2595415861,street,Mendelssohnstraat,addr
2595415861,date,2014-10-30,source
2595415861,postcode,2625AC,addr
2595415861,housenumber,3,addr
2595416350,source,BAG,regular
2595416350,city,Delft,addr
2595416350,street,Verdiplein,addr
2595416350,date,2014-10-30,source
2595416350,postcode,2625AR,addr
2595416350,housenumber,3,addr
2595416439,source,BAG,regular
2595416439,city,Delft,addr
2595416439,street,Guido Gezellelaan,addr
2595416439,date,2014-10-30,source
2595416439,postcode,2624KV,addr
2595416439,housenumber,30,addr
2595416495,source,BAG,regular
2595416495,city,Delft,addr
2595416495,street,Hendrik Tollensstraat,addr
2595416495,date,2014-10-30,source
2595416495,postcode,2624BS,addr
2595416495,housenumber,300,addr
2595416853,source,BAG,regular
2595416853,city,Delft,addr
2595416853,street,Artemisstraat,addr
2595416853,date,2014-10-30,source
2595416853,postcode,2624ZZ,addr
2595416853,housenumber,306,addr
2595417283,source,BAG,regular
2595417283,city,Delft,addr
2595417283,street,Bachsingel,addr
2595417283,date,2014-10-30,source
2595417283,postcode,2625TA,addr
2595417283,housenumber,31,addr
2595417559,source,BAG,regular
2595417559,city,Delft,addr
2595417559,street,Pijperring,addr
2595417559,date,2014-10-30,source
2595417559,postcode,2625ED,addr
2595417559,housenumber,31,addr
2595417825,source,BAG,regular
2595417825,city,Delft,addr
2595417825,street,Pijperring,addr
2595417825,date,2014-10-30,source
2595417825,postcode,2625EX,addr
2595417825,housenumber,312,addr
2595418050,source,BAG,regular
2595418050,city,Delft,addr
2595418050,street,Vorrinkplein,addr
2595418050,date,2014-10-30,source
2595418050,postcode,2624DV,addr
2595418050,housenumber,317,addr
2595418106,source,BAG,regular
2595418106,city,Delft,addr
2595418106,street,Frederik van Eedenlaan,addr
2595418106,date,2014-10-30,source
2595418106,postcode,2624VH,addr
2595418106,housenumber,32,addr
2595418167,source,BAG,regular
2595418167,city,Delft,addr
2595418167,street,Willem Bilderdijkhof,addr
2595418167,date,2014-10-30,source
2595418167,postcode,2624ZE,addr
2595418167,housenumber,32,addr
2595418232,source,BAG,regular
2595418232,city,Delft,addr
2595418232,street,Poptahof Noord,addr
2595418232,date,2014-10-30,source
2595418232,postcode,2624RR,addr
2595418232,housenumber,325,addr
2595418503,source,BAG,regular
2595418503,city,Delft,addr
2595418503,street,Bizetstraat,addr
2595418503,date,2014-10-30,source
2595418503,postcode,2625AW,addr
2595418503,housenumber,33,addr
2595418699,source,BAG,regular
2595418699,city,Delft,addr
2595418699,street,Raad van Europalaan,addr
2595418699,date,2014-10-30,source
2595418699,postcode,2625PA,addr
2595418699,housenumber,33,addr
2595418751,source,BAG,regular
2595418751,city,Delft,addr
2595418751,street,Pijperring,addr
2595418751,date,2014-10-30,source
2595418751,postcode,2625EZ,addr
2595418751,housenumber,333,addr
2595418805,source,BAG,regular
2595418805,city,Delft,addr
2595418805,street,Beethovenlaan,addr
2595418805,date,2014-10-30,source
2595418805,postcode,2625RH,addr
2595418805,housenumber,33A,addr
2595418874,source,BAG,regular
2595418874,city,Delft,addr
2595418874,street,Isaäc da Costalaan,addr
2595418874,date,2014-10-30,source
2595418874,postcode,2624ZD,addr
2595418874,housenumber,34,addr
2595419071,source,BAG,regular
2595419071,city,Delft,addr
2595419071,street,Isaäc da Costalaan,addr
2595419071,date,2014-10-30,source
2595419071,postcode,2624ZB,addr
2595419071,housenumber,341,addr
2595419179,source,BAG,regular
2595419179,city,Delft,addr
2595419179,street,Poptahof Noord,addr
2595419179,date,2014-10-30,source
2595419179,postcode,2624RS,addr
2595419179,housenumber,347,addr
2595419275,source,BAG,regular
2595419275,city,Delft,addr
2595419275,street,Griegstraat,addr
2595419275,date,2014-10-30,source
2595419275,postcode,2625AG,addr
2595419275,housenumber,35,addr
2595419325,source,BAG,regular
2595419325,city,Delft,addr
2595419325,street,Zagwijnpad,addr
2595419325,date,2014-10-30,source
2595419325,postcode,2625PM,addr
2595419325,housenumber,35,addr
2595419586,source,BAG,regular
2595419586,city,Delft,addr
2595419586,street,E. du Perronlaan,addr
2595419586,date,2014-10-30,source
2595419586,postcode,2624NC,addr
2595419586,housenumber,356,addr
2595419719,source,BAG,regular
2595419719,city,Delft,addr
2595419719,street,Diepenbrockstraat,addr
2595419719,date,2014-10-30,source
2595419719,postcode,2625VV,addr
2595419719,housenumber,36,addr
2595419769,source,BAG,regular
2595419769,city,Delft,addr
2595419769,street,Van Hasseltlaan,addr
2595419769,date,2014-10-30,source
2595419769,postcode,2625HB,addr
2595419769,housenumber,36,addr
2595419842,source,BAG,regular
2595419842,city,Delft,addr
2595419842,street,Isaäc da Costalaan,addr
2595419842,date,2014-10-30,source
2595419842,postcode,2624ZB,addr
2595419842,housenumber,365,addr
2595419929,source,BAG,regular
2595419929,city,Delft,addr
2595419929,street,César Franckstraat,addr
2595419929,date,2014-10-30,source
2595419929,postcode,2625BZ,addr
2595419929,housenumber,37,addr
2595420202,source,BAG,regular
2595420202,city,Delft,addr
2595420202,street,Taj Mahalplaats,addr
2595420202,date,2014-10-30,source
2595420202,postcode,2624NM,addr
2595420202,housenumber,37,addr
2595420491,source,BAG,regular
2595420491,city,Delft,addr
2595420491,street,Van Hasseltlaan,addr
2595420491,date,2014-10-30,source
2595420491,postcode,2625JA,addr
2595420491,housenumber,374,addr
2595420713,source,BAG,regular
2595420713,city,Delft,addr
2595420713,street,De Eendracht,addr
2595420713,date,2014-10-30,source
2595420713,postcode,2614LX,addr
2595420713,housenumber,38,addr
2595420763,source,BAG,regular
2595420763,city,Den Hoorn,addr
2595420763,street,Tussenhaven,addr
2595420763,date,2014-10-30,source
2595420763,postcode,2635GG,addr
2595420763,housenumber,38,addr
2595420949,source,BAG,regular
2595420949,city,Delft,addr
2595420949,street,Van Hasseltlaan,addr
2595420949,date,2014-10-30,source
2595420949,postcode,2625JA,addr
2595420949,housenumber,385,addr
2595421086,source,BAG,regular
2595421086,city,Delft,addr
2595421086,street,Bachsingel,addr
2595421086,date,2014-10-30,source
2595421086,postcode,2625TA,addr
2595421086,housenumber,39,addr
2595421168,source,BAG,regular
2595421168,city,Delft,addr
2595421168,street,Poptahof Noord,addr
2595421168,date,2014-10-30,source
2595421168,postcode,2624PX,addr
2595421168,housenumber,39,addr
2595421221,source,BAG,regular
2595421221,city,Delft,addr
2595421221,street,Hendrik Tollensstraat,addr
2595421221,date,2014-10-30,source
2595421221,postcode,2624BX,addr
2595421221,housenumber,394,addr
2595421297,source,BAG,regular
2595421297,city,Den Hoorn,addr
2595421297,street,Achterhaven,addr
2595421297,date,2014-10-30,source
2595421297,postcode,2635GV,addr
2595421297,housenumber,4,addr
2595421353,source,BAG,regular
2595421353,city,Delft,addr
2595421353,street,Isaäc da Costalaan,addr
2595421353,date,2014-10-30,source
2595421353,postcode,2624ZD,addr
2595421353,housenumber,4,addr
2595421452,source,BAG,regular
2595421452,city,Delft,addr
2595421452,street,Sweelinckstraat,addr
2595421452,date,2014-10-30,source
2595421452,postcode,2625VJ,addr
2595421452,housenumber,4,addr
2595421693,source,BAG,regular
2595421693,city,Delft,addr
2595421693,street,Dirk Costerplein,addr
2595421693,date,2014-10-30,source
2595421693,postcode,2624TP,addr
2595421693,housenumber,40,addr
2595421826,source,BAG,regular
2595421826,city,Delft,addr
2595421826,street,Van der Slootsingel,addr
2595421826,date,2014-10-30,source
2595421826,postcode,2625JW,addr
2595421826,housenumber,40,addr
2595422047,source,BAG,regular
2595422047,city,Delft,addr
2595422047,street,Vorrinkplein,addr
2595422047,date,2014-10-30,source
2595422047,postcode,2624DW,addr
2595422047,housenumber,405,addr
2595422098,source,BAG,regular
2595422098,city,Delft,addr
2595422098,street,De Eendracht,addr
2595422098,date,2014-10-30,source
2595422098,postcode,2614LX,addr
2595422098,housenumber,41,addr
2595422149,source,BAG,regular
2595422149,city,Delft,addr
2595422149,street,Van der Veensingel,addr
2595422149,date,2014-10-30,source
2595422149,postcode,2625KV,addr
2595422149,housenumber,41,addr
2595422305,source,BAG,regular
2595422305,city,Delft,addr
2595422305,street,Van Hasseltlaan,addr
2595422305,date,2014-10-30,source
2595422305,postcode,2625JB,addr
2595422305,housenumber,415,addr
2595422472,source,BAG,regular
2595422472,city,Delft,addr
2595422472,street,Dirk Costerplein,addr
2595422472,date,2014-10-30,source
2595422472,postcode,2624TR,addr
2595422472,housenumber,42,addr
2595422522,source,BAG,regular
2595422522,city,Delft,addr
2595422522,street,Wielengahof,addr
2595422522,date,2014-10-30,source
2595422522,postcode,2625LK,addr
2595422522,housenumber,42,addr
2595422579,source,BAG,regular
2595422579,city,Delft,addr
2595422579,street,Aart van der Leeuwlaan,addr
2595422579,date,2014-10-30,source
2595422579,postcode,2624LK,addr
2595422579,housenumber,428,addr
2595422629,source,BAG,regular
2595422629,city,Delft,addr
2595422629,street,Isaäc da Costalaan,addr
2595422629,date,2014-10-30,source
2595422629,postcode,2624XS,addr
2595422629,housenumber,43,addr
2595422878,source,BAG,regular
2595422878,city,Delft,addr
2595422878,street,Roland Holstlaan,addr
2595422878,date,2014-10-30,source
2595422878,postcode,2624HL,addr
2595422878,housenumber,431,addr
2595423132,source,BAG,regular
2595423132,city,Delft,addr
2595423132,street,Wagenaarstraat,addr
2595423132,date,2014-10-30,source
2595423132,postcode,2625VP,addr
2595423132,housenumber,43B,addr
2595423182,source,BAG,regular
2595423182,city,Delft,addr
2595423182,street,Molenweide,addr
2595423182,date,2014-10-30,source
2595423182,postcode,2614LK,addr
2595423182,housenumber,44,addr
2595423445,source,BAG,regular
2595423445,city,Delft,addr
2595423445,street,Papsouwselaan,addr
2595423445,date,2014-10-30,source
2595423445,postcode,2624EP,addr
2595423445,housenumber,444,addr
2595423538,source,BAG,regular
2595423538,city,Delft,addr
2595423538,street,Eisenhowerlaan,addr
2595423538,date,2014-10-30,source
2595423538,postcode,2625GE,addr
2595423538,housenumber,45,addr
2595423615,source,BAG,regular
2595423615,city,Delft,addr
2595423615,street,Willem Bilderdijkhof,addr
2595423615,date,2014-10-30,source
2595423615,postcode,2624ZG,addr
2595423615,housenumber,45,addr
2595423665,source,BAG,regular
2595423665,city,Delft,addr
2595423665,street,Artemisstraat,addr
2595423665,date,2014-10-30,source
2595423665,postcode,2624ZP,addr
2595423665,housenumber,46,addr
2595423716,source,BAG,regular
2595423716,city,Delft,addr
2595423716,street,Oliemolen,addr
2595423716,date,2014-10-30,source
2595423716,postcode,2614LE,addr
2595423716,housenumber,46,addr
2595423770,source,BAG,regular
2595423770,city,Delft,addr
2595423770,street,E. du Perronlaan,addr
2595423770,date,2014-10-30,source
2595423770,postcode,2624ND,addr
2595423770,housenumber,466,addr
2595423821,source,BAG,regular
2595423821,city,Delft,addr
2595423821,street,Hermesstraat,addr
2595423821,date,2014-10-30,source
2595423821,postcode,2624BG,addr
2595423821,housenumber,47,addr
2595423965,source,BAG,regular
2595423965,city,Delft,addr
2595423965,street,Poptahof Zuid,addr
2595423965,date,2014-10-30,source
2595423965,postcode,2624SB,addr
2595423965,housenumber,471,addr
2595424113,source,BAG,regular
2595424113,city,Delft,addr
2595424113,street,Bachsingel,addr
2595424113,date,2014-10-30,source
2595424113,postcode,2625TB,addr
2595424113,housenumber,48,addr
2595424167,source,BAG,regular
2595424167,city,Delft,addr
2595424167,street,Papsouwselaan,addr
2595424167,date,2014-10-30,source
2595424167,postcode,2624EB,addr
2595424167,housenumber,48,addr
2595424217,source,BAG,regular
2595424217,city,Delft,addr
2595424217,street,Mozartlaan,addr
2595424217,date,2014-10-30,source
2595424217,postcode,2625CT,addr
2595424217,housenumber,486,addr
2595424267,source,BAG,regular
2595424267,city,Delft,addr
2595424267,street,Isaäc da Costalaan,addr
2595424267,date,2014-10-30,source
2595424267,postcode,2624XS,addr
2595424267,housenumber,49,addr
2595424318,source,BAG,regular
2595424318,city,Delft,addr
2595424318,street,Aart van der Leeuwlaan,addr
2595424318,date,2014-10-30,source
2595424318,postcode,2624LL,addr
2595424318,housenumber,492,addr
2595424378,source,BAG,regular
2595424378,city,Delft,addr
2595424378,street,Arthur van Schendelplein,addr
2595424378,date,2014-10-30,source
2595424378,postcode,2624CM,addr
2595424378,housenumber,5,addr
2595424429,source,BAG,regular
2595424429,city,Den Hoorn,addr
2595424429,street,Kapellaan,addr
2595424429,date,2014-10-30,source
2595424429,postcode,2635DA,addr
2595424429,housenumber,5,addr
2595424480,source,BAG,regular
2595424480,city,Delft,addr
2595424480,street,Trasmolen,addr
2595424480,date,2014-10-30,source
2595424480,postcode,2614LN,addr
2595424480,housenumber,5,addr
2595424532,source,BAG,regular
2595424532,city,Delft,addr
2595424532,street,Gerbrandylaan,addr
2595424532,date,2014-10-30,source
2595424532,postcode,2625LS,addr
2595424532,housenumber,50,addr
2595424592,source,BAG,regular
2595424592,city,Delft,addr
2595424592,street,Roland Holstlaan,addr
2595424592,date,2014-10-30,source
2595424592,postcode,2624HN,addr
2595424592,housenumber,501,addr
2595424883,source,BAG,regular
2595424883,city,Delft,addr
2595424883,street,Antoon Coolenlaan,addr
2595424883,date,2014-10-30,source
2595424883,postcode,2624NW,addr
2595424883,housenumber,51,addr
2595424958,source,BAG,regular
2595424958,city,Delft,addr
2595424958,street,Roland Holstlaan,addr
2595424958,date,2014-10-30,source
2595424958,postcode,2624HB,addr
2595424958,housenumber,51,addr
2595425013,source,BAG,regular
2595425013,city,Delft,addr
2595425013,street,Vorrinkplein,addr
2595425013,date,2014-10-30,source
2595425013,postcode,2624DX,addr
2595425013,housenumber,515,addr
2595425098,source,BAG,regular
2595425098,city,Delft,addr
2595425098,street,Grabijnhof,addr
2595425098,date,2014-10-30,source
2595425098,postcode,2625LN,addr
2595425098,housenumber,52,addr
2595425148,source,BAG,regular
2595425148,city,Delft,addr
2595425148,street,Aart van der Leeuwlaan,addr
2595425148,date,2014-10-30,source
2595425148,postcode,2624LM,addr
2595425148,housenumber,522,addr
2595425198,source,BAG,regular
2595425198,city,Delft,addr
2595425198,street,Brahmslaan,addr
2595425198,date,2014-10-30,source
2595425198,postcode,2625BT,addr
2595425198,housenumber,53,addr
2595425248,source,BAG,regular
2595425248,city,Delft,addr
2595425248,street,Van der Horststraat,addr
2595425248,date,2014-10-30,source
2595425248,postcode,2625VT,addr
2595425248,housenumber,53,addr
2595425298,source,BAG,regular
2595425298,city,Delft,addr
2595425298,street,Reinier de Graafweg,addr
2595425298,date,2014-10-30,source
2595425298,postcode,2625DR,addr
2595425298,housenumber,538,addr
2595425348,source,BAG,regular
2595425348,city,Den Hoorn,addr
2595425348,street,Oude Veiling,addr
2595425348,date,2014-10-30,source
2595425348,postcode,2635GJ,addr
2595425348,housenumber,54,addr
2595425398,source,BAG,regular
2595425398,city,Delft,addr
2595425398,street,Reinier de Graafweg,addr
2595425398,date,2014-10-30,source
2595425398,postcode,2625DR,addr
2595425398,housenumber,546,addr
2595425456,source,BAG,regular
2595425456,city,Den Hoorn,addr
2595425456,street,Kloosterpad,addr
2595425456,date,2014-10-30,source
2595425456,postcode,2635DG,addr
2595425456,housenumber,55,addr
2595425637,source,BAG,regular
2595425637,city,Delft,addr
2595425637,street,Van Hasseltlaan,addr
2595425637,date,2014-10-30,source
2595425637,postcode,2625JJ,addr
2595425637,housenumber,553,addr
2595425687,source,BAG,regular
2595425687,city,Delft,addr
2595425687,street,Gerbrandylaan,addr
2595425687,date,2014-10-30,source
2595425687,postcode,2625LS,addr
2595425687,housenumber,56,addr
2595425737,source,BAG,regular
2595425737,city,Delft,addr
2595425737,street,Mozartlaan,addr
2595425737,date,2014-10-30,source
2595425737,postcode,2625CW,addr
2595425737,housenumber,564,addr
2595425870,source,BAG,regular
2595425870,city,Delft,addr
2595425870,street,Juniusstraat,addr
2595425870,date,2014-10-30,source
2595425870,postcode,2625XZ,addr
2595425870,housenumber,57,addr
2595425995,source,BAG,regular
2595425995,city,Delft,addr
2595425995,street,Van Hasseltlaan,addr
2595425995,date,2014-10-30,source
2595425995,postcode,2625JK,addr
2595425995,housenumber,574,addr
2595426064,source,BAG,regular
2595426064,city,Delft,addr
2595426064,street,Händellaan,addr
2595426064,date,2014-10-30,source
2595426064,postcode,2625SM,addr
2595426064,housenumber,58,addr
2595426162,source,BAG,regular
2595426162,city,Delft,addr
2595426162,street,Reinier de Graafweg,addr
2595426162,date,2014-10-30,source
2595426162,postcode,2625DS,addr
2595426162,housenumber,586,addr
2595426350,source,BAG,regular
2595426350,city,Delft,addr
2595426350,street,Mahlerstraat,addr
2595426350,date,2014-10-30,source
2595426350,postcode,2625AT,addr
2595426350,housenumber,59,addr
2595426607,source,BAG,regular
2595426607,city,Delft,addr
2595426607,street,Mozartlaan,addr
2595426607,date,2014-10-30,source
2595426607,postcode,2625CW,addr
2595426607,housenumber,598,addr
2595426839,source,BAG,regular
2595426839,city,Delft,addr
2595426839,street,Grabijnhof,addr
2595426839,date,2014-10-30,source
2595426839,postcode,2625LL,addr
2595426839,housenumber,6,addr
2595426935,source,BAG,regular
2595426935,city,Delft,addr
2595426935,street,Raad van Europalaan,addr
2595426935,date,2014-10-30,source
2595426935,postcode,2625PB,addr
2595426935,housenumber,6,addr
2595427033,source,BAG,regular
2595427033,city,Delft,addr
2595427033,street,Buitenhofdreef,addr
2595427033,date,2014-10-30,source
2595427033,postcode,2625XS,addr
2595427033,housenumber,60,addr
2595427093,source,BAG,regular
2595427093,city,Delft,addr
2595427093,street,Aart van der Leeuwlaan,addr
2595427093,date,2014-10-30,source
2595427093,postcode,2624LN,addr
2595427093,housenumber,600,addr
2595427143,source,BAG,regular
2595427143,city,Delft,addr
2595427143,street,Apolloweg,addr
2595427143,date,2014-10-30,source
2595427143,postcode,2624MZ,addr
2595427143,housenumber,61,addr
2595427239,source,BAG,regular
2595427239,city,Delft,addr
2595427239,street,Van Rijslaan,addr
2595427239,date,2014-10-30,source
2595427239,postcode,2625KW,addr
2595427239,housenumber,61,addr
2595427289,source,BAG,regular
2595427289,city,Delft,addr
2595427289,street,Adama van Scheltemaplein,addr
2595427289,date,2014-10-30,source
2595427289,postcode,2624PH,addr
2595427289,housenumber,62,addr
2595427340,source,BAG,regular
2595427340,city,Delft,addr
2595427340,street,Reinier de Graafweg,addr
2595427340,date,2014-10-30,source
2595427340,postcode,2625DB,addr
2595427340,housenumber,62,addr
2595427506,source,BAG,regular
2595427506,city,Delft,addr
2595427506,street,Aart van der Leeuwlaan,addr
2595427506,date,2014-10-30,source
2595427506,postcode,2624PL,addr
2595427506,housenumber,63,addr
2595427585,source,BAG,regular
2595427585,city,Delft,addr
2595427585,street,Taj Mahalplaats,addr
2595427585,date,2014-10-30,source
2595427585,postcode,2624NM,addr
2595427585,housenumber,63,addr
2595427635,source,BAG,regular
2595427635,city,Delft,addr
2595427635,street,Bachsingel,addr
2595427635,date,2014-10-30,source
2595427635,postcode,2625TC,addr
2595427635,housenumber,64,addr
2595427725,source,BAG,regular
2595427725,city,Delft,addr
2595427725,street,Van der Kamlaan,addr
2595427725,date,2014-10-30,source
2595427725,postcode,2625KN,addr
2595427725,housenumber,64,addr
2595427861,source,BAG,regular
2595427861,city,Delft,addr
2595427861,street,Dirk Costerplein,addr
2595427861,date,2014-10-30,source
2595427861,postcode,2624TS,addr
2595427861,housenumber,65,addr
2595427991,source,BAG,regular
2595427991,city,Delft,addr
2595427991,street,Roland Holstlaan,addr
2595427991,date,2014-10-30,source
2595427991,postcode,2624HS,addr
2595427991,housenumber,651,addr
2595428041,source,BAG,regular
2595428041,city,Delft,addr
2595428041,street,Fabrieksstraat,addr
2595428041,date,2014-10-30,source
2595428041,postcode,2624MT,addr
2595428041,housenumber,66,addr
2595428092,source,BAG,regular
2595428092,city,Delft,addr
2595428092,street,Van Hasseltlaan,addr
2595428092,date,2014-10-30,source
2595428092,postcode,2625JR,addr
2595428092,housenumber,664,addr
2595428169,source,BAG,regular
2595428169,city,Delft,addr
2595428169,street,Lisztstraat,addr
2595428169,date,2014-10-30,source
2595428169,postcode,2625BL,addr
2595428169,housenumber,67,addr
2595428238,source,BAG,regular
2595428238,city,Delft,addr
2595428238,street,Van Hasseltlaan,addr
2595428238,date,2014-10-30,source
2595428238,postcode,2625JS,addr
2595428238,housenumber,677,addr
2595428288,source,BAG,regular
2595428288,city,Delft,addr
2595428288,street,Palmyraplaats,addr
2595428288,date,2014-10-30,source
2595428288,postcode,2624NN,addr
2595428288,housenumber,68,addr
2595428338,source,BAG,regular
2595428338,city,Delft,addr
2595428338,street,De Eendracht,addr
2595428338,date,2014-10-30,source
2595428338,postcode,2614LX,addr
2595428338,housenumber,69,addr
2595428586,source,BAG,regular
2595428586,city,Delft,addr
2595428586,street,Roland Holstlaan,addr
2595428586,date,2014-10-30,source
2595428586,postcode,2624JB,addr
2595428586,housenumber,690,addr
2595428844,source,BAG,regular
2595428844,city,Delft,addr
2595428844,street,Debussystraat,addr
2595428844,date,2014-10-30,source
2595428844,postcode,2625BA,addr
2595428844,housenumber,7,addr
2595429097,source,BAG,regular
2595429097,city,Delft,addr
2595429097,street,Orlandopad,addr
2595429097,date,2014-10-30,source
2595429097,postcode,2625SX,addr
2595429097,housenumber,7,addr
2595429393,source,BAG,regular
2595429393,city,Delft,addr
2595429393,street,Zjoekowlaan,addr
2595429393,date,2014-10-30,source
2595429393,postcode,2625PJ,addr
2595429393,housenumber,7,addr
2595429634,source,BAG,regular
2595429634,city,Delft,addr
2595429634,street,Reinier de Graafweg,addr
2595429634,date,2014-10-30,source
2595429634,postcode,2625DB,addr
2595429634,housenumber,70,addr
2595429875,source,BAG,regular
2595429875,city,Delft,addr
2595429875,street,Guido Gezellelaan,addr
2595429875,date,2014-10-30,source
2595429875,postcode,2624KZ,addr
2595429875,housenumber,71,addr
2595429927,source,BAG,regular
2595429927,city,Delft,addr
2595429927,street,Aart van der Leeuwlaan,addr
2595429927,date,2014-10-30,source
2595429927,postcode,2624LP,addr
2595429927,housenumber,716,addr
2595429977,source,BAG,regular
2595429977,city,Delft,addr
2595429977,street,Poptahof Noord,addr
2595429977,date,2014-10-30,source
2595429977,postcode,2624PZ,addr
2595429977,housenumber,72,addr
2595430038,source,BAG,regular
2595430038,city,Delft,addr
2595430038,street,Foulkeslaan,addr
2595430038,date,2014-10-30,source
2595430038,postcode,2625RA,addr
2595430038,housenumber,73,addr
2595430135,source,BAG,regular
2595430135,city,Delft,addr
2595430135,street,Roland Holstlaan,addr
2595430135,date,2014-10-30,source
2595430135,postcode,2624JD,addr
2595430135,housenumber,734,addr
2595430203,source,BAG,regular
2595430203,city,Delft,addr
2595430203,street,Poptahof Noord,addr
2595430203,date,2014-10-30,source
2595430203,postcode,2624PZ,addr
2595430203,housenumber,74,addr
2595430315,source,BAG,regular
2595430315,city,Delft,addr
2595430315,street,Griegstraat,addr
2595430315,date,2014-10-30,source
2595430315,postcode,2625AH,addr
2595430315,housenumber,75,addr
2595430409,source,BAG,regular
2595430409,city,Delft,addr
2595430409,street,Roland Holstlaan,addr
2595430409,date,2014-10-30,source
2595430409,postcode,2624JD,addr
2595430409,housenumber,756,addr
2595430465,source,BAG,regular
2595430465,city,Delft,addr
2595430465,street,Schubertlaan,addr
2595430465,date,2014-10-30,source
2595430465,postcode,2625VG,addr
2595430465,housenumber,76,addr
2595430521,source,BAG,regular
2595430521,city,Delft,addr
2595430521,street,Icarusweg,addr
2595430521,date,2014-10-30,source
2595430521,postcode,2624BE,addr
2595430521,housenumber,77,addr
2595430613,source,BAG,regular
2595430613,city,Delft,addr
2595430613,street,E. du Perronlaan,addr
2595430613,date,2014-10-30,source
2595430613,postcode,2624NG,addr
2595430613,housenumber,778,addr
2595430830,source,BAG,regular
2595430830,city,Delft,addr
2595430830,street,E. du Perronlaan,addr
2595430830,date,2014-10-30,source
2595430830,postcode,2624NG,addr
2595430830,housenumber,780,addr
2595430918,source,BAG,regular
2595430918,city,Delft,addr
2595430918,street,Multatuliweg,addr
2595430918,date,2014-10-30,source
2595430918,postcode,2624CG,addr
2595430918,housenumber,79,addr
2595430983,source,BAG,regular
2595430983,city,Delft,addr
2595430983,street,Adenauerlaan,addr
2595430983,date,2014-10-30,source
2595430983,postcode,2625PD,addr
2595430983,housenumber,8,addr
2595431072,source,BAG,regular
2595431072,city,Delft,addr
2595431072,street,Händellaan,addr
2595431072,date,2014-10-30,source
2595431072,postcode,2625SL,addr
2595431072,housenumber,8,addr
2595431151,source,BAG,regular
2595431151,city,Delft,addr
2595431151,street,Simon Vestdijklaan,addr
2595431151,date,2014-10-30,source
2595431151,postcode,2624MD,addr
2595431151,housenumber,8,addr
2595431357,source,BAG,regular
2595431357,city,Delft,addr
2595431357,street,E. du Perronlaan,addr
2595431357,date,2014-10-30,source
2595431357,postcode,2624NA,addr
2595431357,housenumber,80,addr
2595431461,source,BAG,regular
2595431461,city,Delft,addr
2595431461,street,Roland Holstlaan,addr
2595431461,date,2014-10-30,source
2595431461,postcode,2624KB,addr
2595431461,housenumber,809,addr
2595431589,source,BAG,regular
2595431589,city,Delft,addr
2595431589,street,Zagwijnpad,addr
2595431589,date,2014-10-30,source
2595431589,postcode,2625PM,addr
2595431589,housenumber,81,addr
2595431658,source,BAG,regular
2595431658,city,Delft,addr
2595431658,street,Lisztstraat,addr
2595431658,date,2014-10-30,source
2595431658,postcode,2625BL,addr
2595431658,housenumber,82,addr
2595431818,source,BAG,regular
2595431818,city,Delft,addr
2595431818,street,Beethovenlaan,addr
2595431818,date,2014-10-30,source
2595431818,postcode,2625RJ,addr
2595431818,housenumber,83,addr
2595431903,source,BAG,regular
2595431903,city,Delft,addr
2595431903,street,Roland Holstlaan,addr
2595431903,date,2014-10-30,source
2595431903,postcode,2624JH,addr
2595431903,housenumber,830,addr
2595431994,source,BAG,regular
2595431994,city,Delft,addr
2595431994,street,Mozartlaan,addr
2595431994,date,2014-10-30,source
2595431994,postcode,2625CK,addr
2595431994,housenumber,84,addr
2595432044,source,BAG,regular
2595432044,city,Delft,addr
2595432044,street,Debussystraat,addr
2595432044,date,2014-10-30,source
2595432044,postcode,2625BD,addr
2595432044,housenumber,85,addr
2595432144,source,BAG,regular
2595432144,city,Delft,addr
2595432144,street,Roland Holstlaan,addr
2595432144,date,2014-10-30,source
2595432144,postcode,2624KD,addr
2595432144,housenumber,853,addr
2595432204,source,BAG,regular
2595432204,city,Delft,addr
2595432204,street,Raad van Europalaan,addr
2595432204,date,2014-10-30,source
2595432204,postcode,2625PC,addr
2595432204,housenumber,86,addr
2595432256,source,BAG,regular
2595432256,city,Delft,addr
2595432256,street,Griegstraat,addr
2595432256,date,2014-10-30,source
2595432256,postcode,2625AJ,addr
2595432256,housenumber,87,addr
2595432306,source,BAG,regular
2595432306,city,Delft,addr
2595432306,street,Roland Holstlaan,addr
2595432306,date,2014-10-30,source
2595432306,postcode,2624KD,addr
2595432306,housenumber,879,addr
2595432403,source,BAG,regular
2595432403,city,Delft,addr
2595432403,street,Aart van der Leeuwlaan,addr
2595432403,date,2014-10-30,source
2595432403,postcode,2624LV,addr
2595432403,housenumber,882,addr
2595432615,source,BAG,regular
2595432615,city,Delft,addr
2595432615,street,Roland Holstlaan,addr
2595432615,date,2014-10-30,source
2595432615,postcode,2624HB,addr
2595432615,housenumber,89,addr
2595432665,source,BAG,regular
2595432665,city,Delft,addr
2595432665,street,Cole Porterstraat,addr
2595432665,date,2014-10-30,source
2595432665,postcode,2625WP,addr
2595432665,housenumber,9,addr
2595432717,source,BAG,regular
2595432717,city,Delft,addr
2595432717,street,Nicolaas Beetslaan,addr
2595432717,date,2014-10-30,source
2595432717,postcode,2624XM,addr
2595432717,housenumber,9,addr
2595432778,source,BAG,regular
2595432778,city,Delft,addr
2595432778,street,Adama van Scheltemaplein,addr
2595432778,date,2014-10-30,source
2595432778,postcode,2624PJ,addr
2595432778,housenumber,90,addr
2595432936,source,BAG,regular
2595432936,city,Delft,addr
2595432936,street,Aart van der Leeuwlaan,addr
2595432936,date,2014-10-30,source
2595432936,postcode,2624LV,addr
2595432936,housenumber,900E,addr
2595432987,source,BAG,regular
2595432987,city,Delft,addr
2595432987,street,Herman Gorterhof,addr
2595432987,date,2014-10-30,source
2595432987,postcode,2624XH,addr
2595432987,housenumber,91,addr
2595433131,source,BAG,regular
2595433131,city,Delft,addr
2595433131,street,Arthur van Schendelplein,addr
2595433131,date,2014-10-30,source
2595433131,postcode,2624CT,addr
2595433131,housenumber,92,addr
2595433322,source,BAG,regular
2595433322,city,Delft,addr
2595433322,street,Roland Holstlaan,addr
2595433322,date,2014-10-30,source
2595433322,postcode,2624KG,addr
2595433322,housenumber,925,addr
2595433372,source,BAG,regular
2595433372,city,Delft,addr
2595433372,street,Taj Mahalplaats,addr
2595433372,date,2014-10-30,source
2595433372,postcode,2624NM,addr
2595433372,housenumber,93,addr
2595433435,source,BAG,regular
2595433435,city,Delft,addr
2595433435,street,Koetlaan,addr
2595433435,date,2014-10-30,source
2595433435,postcode,2625KT,addr
2595433435,housenumber,94,addr
2595433560,source,BAG,regular
2595433560,city,Delft,addr
2595433560,street,Griegstraat,addr
2595433560,date,2014-10-30,source
2595433560,postcode,2625AJ,addr
2595433560,housenumber,95,addr
2595433611,source,BAG,regular
2595433611,city,Delft,addr
2595433611,street,Roland Holstlaan,addr
2595433611,date,2014-10-30,source
2595433611,postcode,2624KH,addr
2595433611,housenumber,959,addr
2595433662,source,BAG,regular
2595433662,city,Delft,addr
2595433662,street,Roland Holstlaan,addr
2595433662,date,2014-10-30,source
2595433662,postcode,2624KH,addr
2595433662,housenumber,963,addr
2595433713,source,BAG,regular
2595433713,city,Delft,addr
2595433713,street,Van Hasseltlaan,addr
2595433713,date,2014-10-30,source
2595433713,postcode,2625HE,addr
2595433713,housenumber,97,addr
2595433764,source,BAG,regular
2595433764,city,Delft,addr
2595433764,street,Lisztstraat,addr
2595433764,date,2014-10-30,source
2595433764,postcode,2625BM,addr
2595433764,housenumber,98,addr
2595433814,source,BAG,regular
2595433814,city,Delft,addr
2595433814,street,Herculesweg,addr
2595433814,date,2014-10-30,source
2595433814,postcode,2624VT,addr
2595433814,housenumber,99,addr
2595433902,source,BAG,regular
2595433902,city,Den Hoorn,addr
2595433902,street,Rijksstraatweg,addr
2595433902,date,2014-10-30,source
2595433902,postcode,2635AC,addr
2595433902,housenumber,9d,addr
2595463706,entrance,main,regular
2596097829,source,BAG,regular
2596097829,city,Delft,addr
2596097829,street,Amalia van Solmslaan,addr
2596097829,date,2014-10-30,source
2596097829,postcode,2628BP,addr
2596097829,housenumber,1,addr
2596097879,source,BAG,regular
2596097879,city,Delft,addr
2596097879,street,Professor Oudemansstraat,addr
2596097879,date,2014-10-30,source
2596097879,postcode,2628KA,addr
2596097879,housenumber,1,addr
2596097929,source,BAG,regular
2596097929,city,Delft,addr
2596097929,street,Michiel de Ruyterweg,addr
2596097929,date,2014-10-30,source
2596097929,postcode,2628BA,addr
2596097929,housenumber,10,addr
2596097985,source,BAG,regular
2596097985,city,Delft,addr
2596097985,street,Machteld van Meterenlaan,addr
2596097985,date,2014-10-30,source
2596097985,postcode,2628LP,addr
2596097985,housenumber,101,addr
2596098073,source,BAG,regular
2596098073,city,Delft,addr
2596098073,street,Balthasar van der Polweg,addr
2596098073,date,2014-10-30,source
2596098073,postcode,2628ZJ,addr
2596098073,housenumber,1030,addr
2596098123,source,BAG,regular
2596098123,city,Delft,addr
2596098123,street,Feldmannweg,addr
2596098123,date,2014-10-30,source
2596098123,postcode,2628KW,addr
2596098123,housenumber,106,addr
2596098173,source,BAG,regular
2596098173,city,Delft,addr
2596098173,street,Professor Krausstraat,addr
2596098173,date,2014-10-30,source
2596098173,postcode,2628JT,addr
2596098173,housenumber,108,addr
2596098227,source,BAG,regular
2596098227,city,Delft,addr
2596098227,street,Hendrik Casimirstraat,addr
2596098227,date,2014-10-30,source
2596098227,postcode,2628KH,addr
2596098227,housenumber,11,addr
2596098279,source,BAG,regular
2596098279,city,Delft,addr
2596098279,street,Professor Krausstraat,addr
2596098279,date,2014-10-30,source
2596098279,postcode,2628JT,addr
2596098279,housenumber,110,addr
2596098329,source,BAG,regular
2596098329,city,Delft,addr
2596098329,street,Abtswoudseweg,addr
2596098329,date,2014-10-30,source
2596098329,postcode,2627AK,addr
2596098329,housenumber,113,addr
2596098388,source,BAG,regular
2596098388,city,Delft,addr
2596098388,street,Professor Evertslaan,addr
2596098388,date,2014-10-30,source
2596098388,postcode,2628XP,addr
2596098388,housenumber,115,addr
2596098449,source,BAG,regular
2596098449,city,Delft,addr
2596098449,street,Nassaulaan,addr
2596098449,date,2014-10-30,source
2596098449,postcode,2628GD,addr
2596098449,housenumber,117,addr
2596098820,source,BAG,regular
2596098820,city,Delft,addr
2596098820,street,Mijnbouwstraat,addr
2596098820,date,2014-10-30,source
2596098820,postcode,2628RX,addr
2596098820,housenumber,118P,addr
2596099381,source,BAG,regular
2596099381,city,Delft,addr
2596099381,street,Kloosterkade,addr
2596099381,date,2014-10-30,source
2596099381,postcode,2628JB,addr
2596099381,housenumber,12,addr
2596099894,source,BAG,regular
2596099894,city,Delft,addr
2596099894,street,Professor Evertslaan,addr
2596099894,date,2014-10-30,source
2596099894,postcode,2628XP,addr
2596099894,housenumber,121,addr
2596100218,source,BAG,regular
2596100218,city,Delft,addr
2596100218,street,Nassaulaan,addr
2596100218,date,2014-10-30,source
2596100218,postcode,2628GE,addr
2596100218,housenumber,125,addr
2596100268,source,BAG,regular
2596100268,city,Delft,addr
2596100268,street,Mijnbouwplein,addr
2596100268,date,2014-10-30,source
2596100268,postcode,2628RT,addr
2596100268,housenumber,129,addr
2596100318,source,BAG,regular
2596100318,city,Delft,addr
2596100318,street,Professor Henketstraat,addr
2596100318,date,2014-10-30,source
2596100318,postcode,2628KK,addr
2596100318,housenumber,13,addr
2596100412,source,BAG,regular
2596100412,city,Delft,addr
2596100412,street,Van Embdenstraat,addr
2596100412,date,2014-10-30,source
2596100412,postcode,2628ZG,addr
2596100412,housenumber,132,addr
2596100466,source,BAG,regular
2596100466,city,Delft,addr
2596100466,street,Professor Krausstraat,addr
2596100466,date,2014-10-30,source
2596100466,postcode,2628JV,addr
2596100466,housenumber,136,addr
2596100516,source,BAG,regular
2596100516,city,Delft,addr
2596100516,street,Rotterdamseweg,addr
2596100516,date,2014-10-30,source
2596100516,postcode,2628AL,addr
2596100516,housenumber,139A-11,addr
2596100570,source,BAG,regular
2596100570,city,Delft,addr
2596100570,street,Rotterdamseweg,addr
2596100570,date,2014-10-30,source
2596100570,postcode,2628AL,addr
2596100570,housenumber,139A-155,addr
2596100620,source,BAG,regular
2596100620,city,Delft,addr
2596100620,street,Rotterdamseweg,addr
2596100620,date,2014-10-30,source
2596100620,postcode,2628AL,addr
2596100620,housenumber,139A-56,addr
2596100670,source,BAG,regular
2596100670,city,Delft,addr
2596100670,street,Rotterdamseweg,addr
2596100670,date,2014-10-30,source
2596100670,postcode,2628AL,addr
2596100670,housenumber,139B-11,addr
2596100784,source,BAG,regular
2596100784,city,Delft,addr
2596100784,street,Rotterdamseweg,addr
2596100784,date,2014-10-30,source
2596100784,postcode,2628AL,addr
2596100784,housenumber,139B-57,addr
2596100834,source,BAG,regular
2596100834,city,Delft,addr
2596100834,street,Van Barenstraat,addr
2596100834,date,2014-10-30,source
2596100834,postcode,2628LD,addr
2596100834,housenumber,14,addr
2596100884,source,BAG,regular
2596100884,city,Delft,addr
2596100884,street,Feldmannweg,addr
2596100884,date,2014-10-30,source
2596100884,postcode,2628KW,addr
2596100884,housenumber,144,addr
2596100934,source,BAG,regular
2596100934,city,Delft,addr
2596100934,street,Michiel de Ruyterweg,addr
2596100934,date,2014-10-30,source
2596100934,postcode,2628BA,addr
2596100934,housenumber,148,addr
2596100988,source,BAG,regular
2596100988,city,Delft,addr
2596100988,street,Nassaulaan,addr
2596100988,date,2014-10-30,source
2596100988,postcode,2628GA,addr
2596100988,housenumber,15,addr
2596101073,source,BAG,regular
2596101073,city,Delft,addr
2596101073,street,Michiel de Ruyterweg,addr
2596101073,date,2014-10-30,source
2596101073,postcode,2628BA,addr
2596101073,housenumber,152,addr
2596101191,source,BAG,regular
2596101191,city,Delft,addr
2596101191,street,Feldmannweg,addr
2596101191,date,2014-10-30,source
2596101191,postcode,2628KW,addr
2596101191,housenumber,158,addr
2596101250,source,BAG,regular
2596101250,city,Delft,addr
2596101250,street,Keurenaerstraat,addr
2596101250,date,2014-10-30,source
2596101250,postcode,2628JX,addr
2596101250,housenumber,16,addr
2596101491,source,BAG,regular
2596101491,city,Delft,addr
2596101491,street,Professor Krausstraat,addr
2596101491,date,2014-10-30,source
2596101491,postcode,2628JV,addr
2596101491,housenumber,162,addr
2596101571,source,BAG,regular
2596101571,city,Delft,addr
2596101571,street,Leeghwaterstraat,addr
2596101571,date,2014-10-30,source
2596101571,postcode,2628LW,addr
2596101571,housenumber,168,addr
2596101621,source,BAG,regular
2596101621,city,Delft,addr
2596101621,street,Professor Henketstraat,addr
2596101621,date,2014-10-30,source
2596101621,postcode,2628KK,addr
2596101621,housenumber,17,addr
2596101672,source,BAG,regular
2596101672,city,Delft,addr
2596101672,street,Michiel de Ruyterweg,addr
2596101672,date,2014-10-30,source
2596101672,postcode,2628BA,addr
2596101672,housenumber,174,addr
2596101739,source,BAG,regular
2596101739,city,Delft,addr
2596101739,street,Herenpad,addr
2596101739,date,2014-10-30,source
2596101739,postcode,2628AG,addr
2596101739,housenumber,18,addr
2596101789,source,BAG,regular
2596101789,city,Delft,addr
2596101789,street,Professor Telderslaan,addr
2596101789,date,2014-10-30,source
2596101789,postcode,2628XC,addr
2596101789,housenumber,183,addr
2596101842,source,BAG,regular
2596101842,city,Delft,addr
2596101842,street,Delftechpark,addr
2596101842,date,2014-10-30,source
2596101842,postcode,2628XJ,addr
2596101842,housenumber,19,addr
2596101900,source,BAG,regular
2596101900,city,Delft,addr
2596101900,street,Leeghwaterstraat,addr
2596101900,date,2014-10-30,source
2596101900,postcode,2628KT,addr
2596101900,housenumber,191,addr
2596101950,source,BAG,regular
2596101950,city,Delft,addr
2596101950,street,Maerten Trompstraat,addr
2596101950,date,2014-10-30,source
2596101950,postcode,2628RB,addr
2596101950,housenumber,19A,addr
2596102001,source,BAG,regular
2596102001,city,Delft,addr
2596102001,street,Kloosterkade,addr
2596102001,date,2014-10-30,source
2596102001,postcode,2628JB,addr
2596102001,housenumber,2,addr
2596102102,source,BAG,regular
2596102102,city,Delft,addr
2596102102,street,Hendrik Casimirstraat,addr
2596102102,date,2014-10-30,source
2596102102,postcode,2628KJ,addr
2596102102,housenumber,20,addr
2596102165,source,BAG,regular
2596102165,city,Delft,addr
2596102165,street,Korvezeestraat,addr
2596102165,date,2014-10-30,source
2596102165,postcode,2628DJ,addr
2596102165,housenumber,203,addr
2596102265,source,BAG,regular
2596102265,city,Delft,addr
2596102265,street,De Groene Haven,addr
2596102265,date,2014-10-30,source
2596102265,postcode,2627CB,addr
2596102265,housenumber,21,addr
2596102352,source,BAG,regular
2596102352,city,Delft,addr
2596102352,street,Professor Telderslaan,addr
2596102352,date,2014-10-30,source
2596102352,postcode,2628XC,addr
2596102352,housenumber,211,addr
2596102738,source,BAG,regular
2596102738,city,Delft,addr
2596102738,street,Botaniestraat,addr
2596102738,date,2014-10-30,source
2596102738,postcode,2628ED,addr
2596102738,housenumber,22,addr
2596102930,source,BAG,regular
2596102930,city,Delft,addr
2596102930,street,Korvezeestraat,addr
2596102930,date,2014-10-30,source
2596102930,postcode,2628DK,addr
2596102930,housenumber,222,addr
2596103060,source,BAG,regular
2596103060,city,Delft,addr
2596103060,street,Drukkerijlaan,addr
2596103060,date,2014-10-30,source
2596103060,postcode,2627CN,addr
2596103060,housenumber,23,addr
2596103129,source,BAG,regular
2596103129,city,Delft,addr
2596103129,street,Zuideinde,addr
2596103129,date,2014-10-30,source
2596103129,postcode,2627CE,addr
2596103129,housenumber,231,addr
2596103180,source,BAG,regular
2596103180,city,Delft,addr
2596103180,street,Drukkerijlaan,addr
2596103180,date,2014-10-30,source
2596103180,postcode,2627CM,addr
2596103180,housenumber,24,addr
2596103232,source,BAG,regular
2596103232,city,Delft,addr
2596103232,street,Leeghwaterstraat,addr
2596103232,date,2014-10-30,source
2596103232,postcode,2628LW,addr
2596103232,housenumber,244,addr
2596103285,source,BAG,regular
2596103285,city,Delft,addr
2596103285,street,Mijnbouwplein,addr
2596103285,date,2014-10-30,source
2596103285,postcode,2628RT,addr
2596103285,housenumber,25,addr
2596103633,source,BAG,regular
2596103633,city,Delft,addr
2596103633,street,Rotterdamseweg,addr
2596103633,date,2014-10-30,source
2596103633,postcode,2628AS,addr
2596103633,housenumber,258,addr
2596103683,source,BAG,regular
2596103683,city,Delft,addr
2596103683,street,Professor Evertslaan,addr
2596103683,date,2014-10-30,source
2596103683,postcode,2628XV,addr
2596103683,housenumber,261,addr
2596103734,source,BAG,regular
2596103734,city,Delft,addr
2596103734,street,Hooikade,addr
2596103734,date,2014-10-30,source
2596103734,postcode,2627AB,addr
2596103734,housenumber,27,addr
2596103784,source,BAG,regular
2596103784,city,Delft,addr
2596103784,street,Korvezeestraat,addr
2596103784,date,2014-10-30,source
2596103784,postcode,2628DM,addr
2596103784,housenumber,273,addr
2596103839,source,BAG,regular
2596103839,city,Delft,addr
2596103839,street,Plein Delftzicht,addr
2596103839,date,2014-10-30,source
2596103839,postcode,2627CA,addr
2596103839,housenumber,28,addr
2596103890,source,BAG,regular
2596103890,city,Delft,addr
2596103890,street,Crommelinlaan,addr
2596103890,date,2014-10-30,source
2596103890,postcode,2627AD,addr
2596103890,housenumber,29,addr
2596103954,source,BAG,regular
2596103954,city,Delft,addr
2596103954,street,Balthasar van der Polweg,addr
2596103954,date,2014-10-30,source
2596103954,postcode,2628AZ,addr
2596103954,housenumber,294,addr
2596104008,source,BAG,regular
2596104008,city,Delft,addr
2596104008,street,Charlotte de Bourbonstraat,addr
2596104008,date,2014-10-30,source
2596104008,postcode,2628BN,addr
2596104008,housenumber,3,addr
2596104106,source,BAG,regular
2596104106,city,Delft,addr
2596104106,street,Schoemakerstraat,addr
2596104106,date,2014-10-30,source
2596104106,postcode,2628VH,addr
2596104106,housenumber,3,addr
2596104156,source,BAG,regular
2596104156,city,Delft,addr
2596104156,street,Leeghwaterstraat,addr
2596104156,date,2014-10-30,source
2596104156,postcode,2628LX,addr
2596104156,housenumber,302,addr
2596104290,source,BAG,regular
2596104290,city,Delft,addr
2596104290,street,Plein Delftzicht,addr
2596104290,date,2014-10-30,source
2596104290,postcode,2627CA,addr
2596104290,housenumber,31,addr
2596104601,source,BAG,regular
2596104601,city,Delft,addr
2596104601,street,De Colignystraat,addr
2596104601,date,2014-10-30,source
2596104601,postcode,2628HD,addr
2596104601,housenumber,32,addr
2596104655,source,BAG,regular
2596104655,city,Delft,addr
2596104655,street,Delfgauwseweg,addr
2596104655,date,2014-10-30,source
2596104655,postcode,2628ET,addr
2596104655,housenumber,329,addr
2596104809,source,BAG,regular
2596104809,city,Delft,addr
2596104809,street,Balthasar van der Polweg,addr
2596104809,date,2014-10-30,source
2596104809,postcode,2628AZ,addr
2596104809,housenumber,332,addr
2596105005,source,BAG,regular
2596105005,city,Delft,addr
2596105005,street,Korvezeestraat,addr
2596105005,date,2014-10-30,source
2596105005,postcode,2628DR,addr
2596105005,housenumber,340,addr
2596105198,source,BAG,regular
2596105198,city,Delft,addr
2596105198,street,Nassaulaan,addr
2596105198,date,2014-10-30,source
2596105198,postcode,2628GB,addr
2596105198,housenumber,35,addr
2596105400,source,BAG,regular
2596105400,city,Delft,addr
2596105400,street,Cornelis Trompstraat,addr
2596105400,date,2014-10-30,source
2596105400,postcode,2628RR,addr
2596105400,housenumber,36,addr
2596105607,source,BAG,regular
2596105607,city,Delft,addr
2596105607,street,Amalia van Solmslaan,addr
2596105607,date,2014-10-30,source
2596105607,postcode,2628BR,addr
2596105607,housenumber,37,addr
2596105808,source,BAG,regular
2596105808,city,Delft,addr
2596105808,street,Korvezeestraat,addr
2596105808,date,2014-10-30,source
2596105808,postcode,2628DS,addr
2596105808,housenumber,376,addr
2596105858,source,BAG,regular
2596105858,city,Delft,addr
2596105858,street,Balthasar van der Polweg,addr
2596105858,date,2014-10-30,source
2596105858,postcode,2628AZ,addr
2596105858,housenumber,382,addr
2596105951,source,BAG,regular
2596105951,city,Delft,addr
2596105951,street,Professor Telderslaan,addr
2596105951,date,2014-10-30,source
2596105951,postcode,2628VW,addr
2596105951,housenumber,39,addr
2596106038,source,BAG,regular
2596106038,city,Delft,addr
2596106038,street,Drukkerijlaan,addr
2596106038,date,2014-10-30,source
2596106038,postcode,2627CM,addr
2596106038,housenumber,4,addr
2596106088,source,BAG,regular
2596106088,city,Delft,addr
2596106088,street,Elektronicaweg,addr
2596106088,date,2014-10-30,source
2596106088,postcode,2628XG,addr
2596106088,housenumber,40,addr
2596106217,source,BAG,regular
2596106217,city,Delft,addr
2596106217,street,Elektronicaweg,addr
2596106217,date,2014-10-30,source
2596106217,postcode,2628XG,addr
2596106217,housenumber,41,addr
2596106335,source,BAG,regular
2596106335,city,Delft,addr
2596106335,street,Feldmannweg,addr
2596106335,date,2014-10-30,source
2596106335,postcode,2628KV,addr
2596106335,housenumber,42,addr
2596106385,source,BAG,regular
2596106385,city,Delft,addr
2596106385,street,Delftechpark,addr
2596106385,date,2014-10-30,source
2596106385,postcode,2628XJ,addr
2596106385,housenumber,43,addr
2596106435,source,BAG,regular
2596106435,city,Delft,addr
2596106435,street,Amalia van Solmslaan,addr
2596106435,date,2014-10-30,source
2596106435,postcode,2628BS,addr
2596106435,housenumber,44,addr
2596106498,source,BAG,regular
2596106498,city,Delft,addr
2596106498,street,Crommelinlaan,addr
2596106498,date,2014-10-30,source
2596106498,postcode,2627BH,addr
2596106498,housenumber,45,addr
2596106548,source,BAG,regular
2596106548,city,Delft,addr
2596106548,street,Nassaulaan,addr
2596106548,date,2014-10-30,source
2596106548,postcode,2628GB,addr
2596106548,housenumber,45A,addr
2596106760,source,BAG,regular
2596106760,city,Delft,addr
2596106760,street,De Colignystraat,addr
2596106760,date,2014-10-30,source
2596106760,postcode,2628HB,addr
2596106760,housenumber,47,addr
2596106887,source,BAG,regular
2596106887,city,Delft,addr
2596106887,street,Nassaulaan,addr
2596106887,date,2014-10-30,source
2596106887,postcode,2628GB,addr
2596106887,housenumber,47A,addr
2596106988,source,BAG,regular
2596106988,city,Delft,addr
2596106988,street,Engelsestraat,addr
2596106988,date,2014-10-30,source
2596106988,postcode,2627AA,addr
2596106988,housenumber,49,addr
2596107054,source,BAG,regular
2596107054,city,Delft,addr
2596107054,street,Crommelinlaan,addr
2596107054,date,2014-10-30,source
2596107054,postcode,2627AD,addr
2596107054,housenumber,5,addr
2596107187,source,BAG,regular
2596107187,city,Delft,addr
2596107187,street,Schoemakerstraat,addr
2596107187,date,2014-10-30,source
2596107187,postcode,2628VH,addr
2596107187,housenumber,5,addr
2596107242,source,BAG,regular
2596107242,city,Delft,addr
2596107242,street,De Groene Haven,addr
2596107242,date,2014-10-30,source
2596107242,postcode,2627CB,addr
2596107242,housenumber,51,addr
2596107295,source,BAG,regular
2596107295,city,Delft,addr
2596107295,street,Leeghwaterstraat,addr
2596107295,date,2014-10-30,source
2596107295,postcode,2628LV,addr
2596107295,housenumber,52,addr
2596107367,source,BAG,regular
2596107367,city,Delft,addr
2596107367,street,Professor Burgershof,addr
2596107367,date,2014-10-30,source
2596107367,postcode,2628ZB,addr
2596107367,housenumber,53,addr
2596107452,source,BAG,regular
2596107452,city,Delft,addr
2596107452,street,Korvezeestraat,addr
2596107452,date,2014-10-30,source
2596107452,postcode,2628CZ,addr
2596107452,housenumber,543,addr
2596107502,source,BAG,regular
2596107502,city,Delft,addr
2596107502,street,Korvezeestraat,addr
2596107502,date,2014-10-30,source
2596107502,postcode,2628CZ,addr
2596107502,housenumber,555,addr
2596107553,source,BAG,regular
2596107553,city,Delft,addr
2596107553,street,De Colignystraat,addr
2596107553,date,2014-10-30,source
2596107553,postcode,2628HB,addr
2596107553,housenumber,57,addr
2596107612,source,BAG,regular
2596107612,city,Delft,addr
2596107612,street,Professor Oudemansstraat,addr
2596107612,date,2014-10-30,source
2596107612,postcode,2628KG,addr
2596107612,housenumber,58,addr
2596107666,source,BAG,regular
2596107666,city,Delft,addr
2596107666,street,Korvezeestraat,addr
2596107666,date,2014-10-30,source
2596107666,postcode,2628CW,addr
2596107666,housenumber,593,addr
2596107730,source,BAG,regular
2596107730,city,Delft,addr
2596107730,street,Poortlandplein,addr
2596107730,date,2014-10-30,source
2596107730,postcode,2628BM,addr
2596107730,housenumber,6,addr
2596107807,source,BAG,regular
2596107807,city,Delft,addr
2596107807,street,Balthasar van der Polweg,addr
2596107807,date,2014-10-30,source
2596107807,postcode,2628ZH,addr
2596107807,housenumber,608,addr
2596107873,source,BAG,regular
2596107873,city,Delft,addr
2596107873,street,Cornelis Trompstraat,addr
2596107873,date,2014-10-30,source
2596107873,postcode,2628RS,addr
2596107873,housenumber,62,addr
2596107927,source,BAG,regular
2596107927,city,Delft,addr
2596107927,street,Professor Henketstraat,addr
2596107927,date,2014-10-30,source
2596107927,postcode,2628KL,addr
2596107927,housenumber,63,addr
2596107977,source,BAG,regular
2596107977,city,Delft,addr
2596107977,street,Balthasar van der Polweg,addr
2596107977,date,2014-10-30,source
2596107977,postcode,2628ZH,addr
2596107977,housenumber,648,addr
2596108090,source,BAG,regular
2596108090,city,Delft,addr
2596108090,street,Van Embdenstraat,addr
2596108090,date,2014-10-30,source
2596108090,postcode,2628ZE,addr
2596108090,housenumber,66,addr
2596108140,source,BAG,regular
2596108140,city,Delft,addr
2596108140,street,Rotterdamseweg,addr
2596108140,date,2014-10-30,source
2596108140,postcode,2628AN,addr
2596108140,housenumber,68,addr
2596108200,source,BAG,regular
2596108200,city,Delft,addr
2596108200,street,Elisabeth van Zuilenlaan,addr
2596108200,date,2014-10-30,source
2596108200,postcode,2628LS,addr
2596108200,housenumber,7,addr
2596108250,source,BAG,regular
2596108250,city,Delft,addr
2596108250,street,Mijnbouwstraat,addr
2596108250,date,2014-10-30,source
2596108250,postcode,2628RX,addr
2596108250,housenumber,70,addr
2596108301,source,BAG,regular
2596108301,city,Delft,addr
2596108301,street,Mijnbouwstraat,addr
2596108301,date,2014-10-30,source
2596108301,postcode,2628RX,addr
2596108301,housenumber,72,addr
2596108383,source,BAG,regular
2596108383,city,Delft,addr
2596108383,street,Professor Henketstraat,addr
2596108383,date,2014-10-30,source
2596108383,postcode,2628KN,addr
2596108383,housenumber,74,addr
2596108433,source,BAG,regular
2596108433,city,Delft,addr
2596108433,street,Professor Krausstraat,addr
2596108433,date,2014-10-30,source
2596108433,postcode,2628JP,addr
2596108433,housenumber,76,addr
2596108503,source,BAG,regular
2596108503,city,Delft,addr
2596108503,street,Rotterdamseweg,addr
2596108503,date,2014-10-30,source
2596108503,postcode,2628AN,addr
2596108503,housenumber,78,addr
2596108554,source,BAG,regular
2596108554,city,Delft,addr
2596108554,street,Herenpad,addr
2596108554,date,2014-10-30,source
2596108554,postcode,2628AG,addr
2596108554,housenumber,8,addr
2596108620,source,BAG,regular
2596108620,city,Delft,addr
2596108620,street,Zuideinde,addr
2596108620,date,2014-10-30,source
2596108620,postcode,2627AG,addr
2596108620,housenumber,80,addr
2596108670,source,BAG,regular
2596108670,city,Delft,addr
2596108670,street,Balthasar van der Polweg,addr
2596108670,date,2014-10-30,source
2596108670,postcode,2628ZH,addr
2596108670,housenumber,822,addr
2596108765,source,BAG,regular
2596108765,city,Delft,addr
2596108765,street,Balthasar van der Polweg,addr
2596108765,date,2014-10-30,source
2596108765,postcode,2628ZJ,addr
2596108765,housenumber,848,addr
2596108815,source,BAG,regular
2596108815,city,Delft,addr
2596108815,street,Engelsestraat,addr
2596108815,date,2014-10-30,source
2596108815,postcode,2627AA,addr
2596108815,housenumber,87,addr
2596108865,source,BAG,regular
2596108865,city,Delft,addr
2596108865,street,Koningsveld,addr
2596108865,date,2014-10-30,source
2596108865,postcode,2628LM,addr
2596108865,housenumber,89,addr
2596108915,source,BAG,regular
2596108915,city,Delft,addr
2596108915,street,Koningsveld,addr
2596108915,date,2014-10-30,source
2596108915,postcode,2628LH,addr
2596108915,housenumber,9,addr
2596108965,source,BAG,regular
2596108965,city,Delft,addr
2596108965,street,Julianalaan,addr
2596108965,date,2014-10-30,source
2596108965,postcode,2628BD,addr
2596108965,housenumber,91,addr
2596109015,source,BAG,regular
2596109015,city,Delft,addr
2596109015,street,Leeghwaterstraat,addr
2596109015,date,2014-10-30,source
2596109015,postcode,2628KS,addr
2596109015,housenumber,93,addr
2596109068,source,BAG,regular
2596109068,city,Delft,addr
2596109068,street,Rotterdamseweg,addr
2596109068,date,2014-10-30,source
2596109068,postcode,2628AK,addr
2596109068,housenumber,95,addr
2596109120,source,BAG,regular
2596109120,city,Delft,addr
2596109120,street,Balthasar van der Polweg,addr
2596109120,date,2014-10-30,source
2596109120,postcode,2628AW,addr
2596109120,housenumber,98,addr
2596109170,city,Delft,addr
2596109170,housenumber,12,addr
2596109170,postcode,2627AM,addr
2596109170,street,Leeuwenstein,addr
2596109170,name,Kwantum,regular
2596109170,shop,furniture,regular
2596109170,source,BAG,regular
2596109170,date,2014-10-30,source
2596109170,website,www.kwantum.nl,regular
2596109170,wheelchair,yes,regular
2596719939,source,BAG,regular
2596719939,city,Delft,addr
2596719939,street,Beukenlaan,addr
2596719939,date,2014-10-30,source
2596719939,postcode,2612VC,addr
2596719939,housenumber,1,addr
2596720011,source,BAG,regular
2596720011,city,Delft,addr
2596720011,street,Kopkas,addr
2596720011,date,2014-10-30,source
2596720011,postcode,2614SB,addr
2596720011,housenumber,1,addr
2596720304,source,BAG,regular
2596720304,city,Delft,addr
2596720304,street,Ternatestraat,addr
2596720304,date,2014-10-30,source
2596720304,postcode,2612AW,addr
2596720304,housenumber,1,addr
2596720637,source,BAG,regular
2596720637,city,Delft,addr
2596720637,street,Celebesstraat,addr
2596720637,date,2014-10-30,source
2596720637,postcode,2612AK,addr
2596720637,housenumber,10,addr
2596721037,source,BAG,regular
2596721037,city,Delft,addr
2596721037,street,Maria van Oosterwijckstraat,addr
2596721037,date,2014-10-30,source
2596721037,postcode,2612XC,addr
2596721037,housenumber,10,addr
2596721292,source,BAG,regular
2596721292,city,Delft,addr
2596721292,street,Van Adrichemstraat,addr
2596721292,date,2014-10-30,source
2596721292,postcode,2614BV,addr
2596721292,housenumber,10,addr
2596721593,source,BAG,regular
2596721593,city,Delft,addr
2596721593,street,Delfgauwseweg,addr
2596721593,date,2014-10-30,source
2596721593,postcode,2628EJ,addr
2596721593,housenumber,101,addr
2596721881,source,BAG,regular
2596721881,city,Delft,addr
2596721881,street,Nieuwe Plantage,addr
2596721881,date,2014-10-30,source
2596721881,postcode,2611XV,addr
2596721881,housenumber,103,addr
2596722121,source,BAG,regular
2596722121,city,Delft,addr
2596722121,street,Oostblok,addr
2596722121,date,2014-10-30,source
2596722121,postcode,2612KM,addr
2596722121,housenumber,105,addr
2596722202,source,BAG,regular
2596722202,city,Delft,addr
2596722202,street,Van der Lelijstraat,addr
2596722202,date,2014-10-30,source
2596722202,postcode,2614EJ,addr
2596722202,housenumber,107,addr
2596722408,source,BAG,regular
2596722408,city,Delft,addr
2596722408,street,Alyd Buserstraat,addr
2596722408,date,2014-10-30,source
2596722408,postcode,2612RJ,addr
2596722408,housenumber,11,addr
2596722749,source,BAG,regular
2596722749,city,Delft,addr
2596722749,street,Kopkas,addr
2596722749,date,2014-10-30,source
2596722749,postcode,2614SB,addr
2596722749,housenumber,11,addr
2596722819,source,BAG,regular
2596722819,city,Delft,addr
2596722819,street,Tweemolentjeskade,addr
2596722819,date,2014-10-30,source
2596722819,postcode,2612XW,addr
2596722819,housenumber,11,addr
2596723000,source,BAG,regular
2596723000,city,Rijswijk,addr
2596723000,street,Delftweg,addr
2596723000,date,2014-10-30,source
2596723000,postcode,2289BC,addr
2596723000,housenumber,111,addr
2596723136,source,BAG,regular
2596723136,city,Delft,addr
2596723136,street,Oude IJsbaan,addr
2596723136,date,2014-10-30,source
2596723136,postcode,2612NC,addr
2596723136,housenumber,113,addr
2596723196,source,BAG,regular
2596723196,city,Delft,addr
2596723196,street,Frederik Hendrikstraat,addr
2596723196,date,2014-10-30,source
2596723196,postcode,2628TA,addr
2596723196,housenumber,115A,addr
2596723249,source,BAG,regular
2596723249,city,Delft,addr
2596723249,street,Sint Jorisweg,addr
2596723249,date,2014-10-30,source
2596723249,postcode,2612EV,addr
2596723249,housenumber,118,addr
2596723299,source,BAG,regular
2596723299,city,Delft,addr
2596723299,street,Doctor Schaepmanstraat,addr
2596723299,date,2014-10-30,source
2596723299,postcode,2612PM,addr
2596723299,housenumber,12,addr
2596723388,source,BAG,regular
2596723388,city,Den Hoorn,addr
2596723388,street,Noordhoornseweg,addr
2596723388,date,2014-10-30,source
2596723388,postcode,2635GC,addr
2596723388,housenumber,12,addr
2596723439,source,BAG,regular
2596723439,city,Rijswijk,addr
2596723439,street,Van Zijlweg,addr
2596723439,date,2014-10-30,source
2596723439,postcode,2286KS,addr
2596723439,housenumber,12,addr
2596723491,source,BAG,regular
2596723491,city,Delft,addr
2596723491,street,Clara van Sparwoudestraat,addr
2596723491,date,2014-10-30,source
2596723491,postcode,2612RW,addr
2596723491,housenumber,122,addr
2596723586,source,BAG,regular
2596723586,city,Delft,addr
2596723586,street,Haagweg,addr
2596723586,date,2014-10-30,source
2596723586,postcode,2612CR,addr
2596723586,housenumber,125,addr
2596723688,source,BAG,regular
2596723688,city,Delft,addr
2596723688,street,Oostblok,addr
2596723688,date,2014-10-30,source
2596723688,postcode,2612PG,addr
2596723688,housenumber,128,addr
2596723749,source,BAG,regular
2596723749,city,Delft,addr
2596723749,street,Fabritiusstraat,addr
2596723749,date,2014-10-30,source
2596723749,postcode,2612HM,addr
2596723749,housenumber,13,addr
2596723831,source,BAG,regular
2596723831,city,Delft,addr
2596723831,street,Rembrandtstraat,addr
2596723831,date,2014-10-30,source
2596723831,postcode,2612XL,addr
2596723831,housenumber,13,addr
2596723998,source,BAG,regular
2596723998,city,Rijswijk,addr
2596723998,street,Jaagpad,addr
2596723998,date,2014-10-30,source
2596723998,postcode,2288CM,addr
2596723998,housenumber,130,addr
2596724068,source,BAG,regular
2596724068,city,Delft,addr
2596724068,street,Hendrick de Keyserweg,addr
2596724068,date,2014-10-30,source
2596724068,postcode,2612KC,addr
2596724068,housenumber,133,addr
2596724119,source,BAG,regular
2596724119,city,Delft,addr
2596724119,street,Hendrick de Keyserweg,addr
2596724119,date,2014-10-30,source
2596724119,postcode,2612KC,addr
2596724119,housenumber,137,addr
2596724220,source,BAG,regular
2596724220,city,Delft,addr
2596724220,street,Celebesstraat,addr
2596724220,date,2014-10-30,source
2596724220,postcode,2612AK,addr
2596724220,housenumber,14,addr
2596724592,source,BAG,regular
2596724592,city,Delft,addr
2596724592,street,Molukkenstraat,addr
2596724592,date,2014-10-30,source
2596724592,postcode,2612EC,addr
2596724592,housenumber,14,addr
2596724716,source,BAG,regular
2596724716,city,Delft,addr
2596724716,street,Van Renswoudestraat,addr
2596724716,date,2014-10-30,source
2596724716,postcode,2612HX,addr
2596724716,housenumber,14,addr
2596724771,source,BAG,regular
2596724771,city,Delft,addr
2596724771,street,Sint Jorisweg,addr
2596724771,date,2014-10-30,source
2596724771,postcode,2612EV,addr
2596724771,housenumber,142,addr
2596724825,source,BAG,regular
2596724825,city,Delft,addr
2596724825,street,Oostsingel,addr
2596724825,date,2014-10-30,source
2596724825,postcode,2612HJ,addr
2596724825,housenumber,146,addr
2596724876,source,BAG,regular
2596724876,city,Delft,addr
2596724876,street,Oostblok,addr
2596724876,date,2014-10-30,source
2596724876,postcode,2612KN,addr
2596724876,housenumber,149,addr
2596724955,source,BAG,regular
2596724955,city,Delft,addr
2596724955,street,Gerard van Loonstraat,addr
2596724955,date,2014-10-30,source
2596724955,postcode,2612HV,addr
2596724955,housenumber,15,addr
2596725056,source,BAG,regular
2596725056,city,Delft,addr
2596725056,street,Schietglas,addr
2596725056,date,2014-10-30,source
2596725056,postcode,2614SP,addr
2596725056,housenumber,15,addr
2596725317,source,BAG,regular
2596725317,city,Rijswijk,addr
2596725317,street,Pauwhof,addr
2596725317,date,2014-10-30,source
2596725317,postcode,2289BL,addr
2596725317,housenumber,150,addr
2596725596,source,BAG,regular
2596725596,city,Rijswijk,addr
2596725596,street,Delftweg,addr
2596725596,date,2014-10-30,source
2596725596,postcode,2289BG,addr
2596725596,housenumber,153,addr
2596725766,source,BAG,regular
2596725766,city,Delft,addr
2596725766,street,Oostblok,addr
2596725766,date,2014-10-30,source
2596725766,postcode,2612PG,addr
2596725766,housenumber,156,addr
2596725822,source,BAG,regular
2596725822,city,Delft,addr
2596725822,street,Esdoornlaan,addr
2596725822,date,2014-10-30,source
2596725822,postcode,2612TA,addr
2596725822,housenumber,15A,addr
2596725981,source,BAG,regular
2596725981,city,Delft,addr
2596725981,street,Knuttelstraat,addr
2596725981,date,2014-10-30,source
2596725981,postcode,2613XX,addr
2596725981,housenumber,16,addr
2596726332,source,BAG,regular
2596726332,city,Delft,addr
2596726332,street,Sumatrastraat,addr
2596726332,date,2014-10-30,source
2596726332,postcode,2612AM,addr
2596726332,housenumber,16,addr
2596726646,source,BAG,regular
2596726646,city,Delft,addr
2596726646,street,Oude IJsbaan,addr
2596726646,date,2014-10-30,source
2596726646,postcode,2612ND,addr
2596726646,housenumber,161,addr
2596727207,source,BAG,regular
2596727207,city,Delft,addr
2596727207,street,Oostsingel,addr
2596727207,date,2014-10-30,source
2596727207,postcode,2612HK,addr
2596727207,housenumber,165,addr
2596727605,source,BAG,regular
2596727605,city,Rijswijk,addr
2596727605,street,Pauwhof,addr
2596727605,date,2014-10-30,source
2596727605,postcode,2289BM,addr
2596727605,housenumber,169,addr
2596727896,source,BAG,regular
2596727896,city,Delft,addr
2596727896,street,Groene Zoom,addr
2596727896,date,2014-10-30,source
2596727896,postcode,2614TT,addr
2596727896,housenumber,17,addr
2596728218,source,BAG,regular
2596728218,city,Delft,addr
2596728218,street,Storklaan,addr
2596728218,date,2014-10-30,source
2596728218,postcode,2613XS,addr
2596728218,housenumber,17,addr
2596728304,source,BAG,regular
2596728304,city,Delft,addr
2596728304,street,Hendrick de Keyserweg,addr
2596728304,date,2014-10-30,source
2596728304,postcode,2612KD,addr
2596728304,housenumber,171,addr
2596728360,source,BAG,regular
2596728360,city,Delft,addr
2596728360,street,Van Adrichemstraat,addr
2596728360,date,2014-10-30,source
2596728360,postcode,2614BM,addr
2596728360,housenumber,175,addr
2596728421,source,BAG,regular
2596728421,city,Delft,addr
2596728421,street,Oostsingel,addr
2596728421,date,2014-10-30,source
2596728421,postcode,2612HL,addr
2596728421,housenumber,179E,addr
2596728746,source,BAG,regular
2596728746,city,Delft,addr
2596728746,street,Javastraat,addr
2596728746,date,2014-10-30,source
2596728746,postcode,2612AR,addr
2596728746,housenumber,18,addr
2596729014,source,BAG,regular
2596729014,city,Rijswijk,addr
2596729014,street,Sniplaan,addr
2596729014,date,2014-10-30,source
2596729014,postcode,2289EM,addr
2596729014,housenumber,18,addr
2596729346,source,BAG,regular
2596729346,city,Delft,addr
2596729346,street,Van Adrichemstraat,addr
2596729346,date,2014-10-30,source
2596729346,postcode,2614BM,addr
2596729346,housenumber,181,addr
2596729636,source,BAG,regular
2596729636,city,Rijswijk,addr
2596729636,street,Jaagpad,addr
2596729636,date,2014-10-30,source
2596729636,postcode,2288CS,addr
2596729636,housenumber,188,addr
2596729907,source,BAG,regular
2596729907,city,Delft,addr
2596729907,street,Jan Verkoljestraat,addr
2596729907,date,2014-10-30,source
2596729907,postcode,2612XB,addr
2596729907,housenumber,19,addr
2596730228,source,BAG,regular
2596730228,city,Delft,addr
2596730228,street,Van Oldenbarneveltstraat,addr
2596730228,date,2014-10-30,source
2596730228,postcode,2628TT,addr
2596730228,housenumber,19,addr
2596730544,source,BAG,regular
2596730544,city,Delft,addr
2596730544,street,Oostblok,addr
2596730544,date,2014-10-30,source
2596730544,postcode,2612KP,addr
2596730544,housenumber,195,addr
2596730861,source,BAG,regular
2596730861,city,Delft,addr
2596730861,street,Vrijenbanselaan,addr
2596730861,date,2014-10-30,source
2596730861,postcode,2612CK,addr
2596730861,housenumber,1B,addr
2596731150,source,BAG,regular
2596731150,city,Delft,addr
2596731150,street,Esdoornlaan,addr
2596731150,date,2014-10-30,source
2596731150,postcode,2612TD,addr
2596731150,housenumber,2,addr
2596731435,source,BAG,regular
2596731435,city,Delft,addr
2596731435,street,Oostplein,addr
2596731435,date,2014-10-30,source
2596731435,postcode,2628EE,addr
2596731435,housenumber,2,addr
2596731705,source,BAG,regular
2596731705,city,Delft,addr
2596731705,street,Van der Haertstraat,addr
2596731705,date,2014-10-30,source
2596731705,postcode,2613ZB,addr
2596731705,housenumber,2,addr
2596731917,source,BAG,regular
2596731917,city,Delft,addr
2596731917,street,Heemskerkstraat,addr
2596731917,date,2014-10-30,source
2596731917,postcode,2613AL,addr
2596731917,housenumber,20,addr
2596732384,source,BAG,regular
2596732384,city,Delft,addr
2596732384,street,Sabangstraat,addr
2596732384,date,2014-10-30,source
2596732384,postcode,2612BK,addr
2596732384,housenumber,20,addr
2596732868,source,BAG,regular
2596732868,city,Delft,addr
2596732868,street,Delfgauwseweg,addr
2596732868,date,2014-10-30,source
2596732868,postcode,2628EX,addr
2596732868,housenumber,202,addr
2596733379,source,BAG,regular
2596733379,city,Delft,addr
2596733379,street,Balistraat,addr
2596733379,date,2014-10-30,source
2596733379,postcode,2612ED,addr
2596733379,housenumber,21,addr
2596734022,source,BAG,regular
2596734022,city,Delft,addr
2596734022,street,Odulphusstraat,addr
2596734022,date,2014-10-30,source
2596734022,postcode,2612PN,addr
2596734022,housenumber,21,addr
2596734265,source,BAG,regular
2596734265,city,Delft,addr
2596734265,street,Brasserskade,addr
2596734265,date,2014-10-30,source
2596734265,postcode,2612CJ,addr
2596734265,housenumber,210,addr
2596734511,source,BAG,regular
2596734511,city,Delft,addr
2596734511,street,Boeroestraat,addr
2596734511,date,2014-10-30,source
2596734511,postcode,2612GE,addr
2596734511,housenumber,22,addr
2596734795,source,BAG,regular
2596734795,city,Delft,addr
2596734795,street,Maria van Oosterwijckstraat,addr
2596734795,date,2014-10-30,source
2596734795,postcode,2612XC,addr
2596734795,housenumber,22,addr
2596735051,source,BAG,regular
2596735051,city,Delft,addr
2596735051,street,Van der Madestraat,addr
2596735051,date,2014-10-30,source
2596735051,postcode,2612RC,addr
2596735051,housenumber,22,addr
2596735292,source,BAG,regular
2596735292,city,Delft,addr
2596735292,street,Bonairestraat,addr
2596735292,date,2014-10-30,source
2596735292,postcode,2612GW,addr
2596735292,housenumber,23,addr
2596735561,source,BAG,regular
2596735561,city,Rijswijk,addr
2596735561,street,Pauwhof,addr
2596735561,date,2014-10-30,source
2596735561,postcode,2289BH,addr
2596735561,housenumber,23,addr
2596735946,source,BAG,regular
2596735946,city,Delft,addr
2596735946,street,Van Kinschotstraat,addr
2596735946,date,2014-10-30,source
2596735946,postcode,2614XS,addr
2596735946,housenumber,232,addr
2596736411,source,BAG,regular
2596736411,city,Delft,addr
2596736411,street,Frederik Hendrikstraat,addr
2596736411,date,2014-10-30,source
2596736411,postcode,2628TB,addr
2596736411,housenumber,24,addr
2596736631,source,BAG,regular
2596736631,city,Delft,addr
2596736631,street,Prins Mauritsstraat,addr
2596736631,date,2014-10-30,source
2596736631,postcode,2628ST,addr
2596736631,housenumber,24,addr
2596736856,source,BAG,regular
2596736856,city,Delft,addr
2596736856,street,Insulindeweg,addr
2596736856,date,2014-10-30,source
2596736856,postcode,2612EM,addr
2596736856,housenumber,242,addr
2596737108,source,BAG,regular
2596737108,city,Delft,addr
2596737108,street,Borneostraat,addr
2596737108,date,2014-10-30,source
2596737108,postcode,2612AC,addr
2596737108,housenumber,25,addr
2596737340,source,BAG,regular
2596737340,city,Delft,addr
2596737340,street,Prins Mauritsstraat,addr
2596737340,date,2014-10-30,source
2596737340,postcode,2628SR,addr
2596737340,housenumber,25,addr
2596737528,source,BAG,regular
2596737528,city,Delft,addr
2596737528,street,Van Kinschotstraat,addr
2596737528,date,2014-10-30,source
2596737528,postcode,2614XT,addr
2596737528,housenumber,254,addr
2596737921,source,BAG,regular
2596737921,city,Delft,addr
2596737921,street,Goudenregenlaan,addr
2596737921,date,2014-10-30,source
2596737921,postcode,2612VT,addr
2596737921,housenumber,26,addr
2596738103,source,BAG,regular
2596738103,city,Rijswijk,addr
2596738103,street,Sionsweg,addr
2596738103,date,2014-10-30,source
2596738103,postcode,2286KL,addr
2596738103,housenumber,26,addr
2596738333,source,BAG,regular
2596738333,city,Delft,addr
2596738333,street,Van Kinschotstraat,addr
2596738333,date,2014-10-30,source
2596738333,postcode,2614XT,addr
2596738333,housenumber,268,addr
2596738540,source,BAG,regular
2596738540,city,Delft,addr
2596738540,street,Meermanstraat,addr
2596738540,date,2014-10-30,source
2596738540,postcode,2614AG,addr
2596738540,housenumber,27,addr
2596738692,source,BAG,regular
2596738692,city,Delft,addr
2596738692,street,Van Adrichemstraat,addr
2596738692,date,2014-10-30,source
2596738692,postcode,2614BP,addr
2596738692,housenumber,271,addr
2596738753,source,BAG,regular
2596738753,city,Delft,addr
2596738753,street,Kastanjewetering,addr
2596738753,date,2014-10-30,source
2596738753,postcode,2614KE,addr
2596738753,housenumber,28,addr
2596739008,source,BAG,regular
2596739008,city,Delft,addr
2596739008,street,Van Lodensteynstraat,addr
2596739008,date,2014-10-30,source
2596739008,postcode,2612SE,addr
2596739008,housenumber,28,addr
2596739300,source,BAG,regular
2596739300,city,Delft,addr
2596739300,street,Delfgauwseweg,addr
2596739300,date,2014-10-30,source
2596739300,postcode,2628EG,addr
2596739300,housenumber,29,addr
2596739487,source,BAG,regular
2596739487,city,Delft,addr
2596739487,street,Van Assendelftstraat,addr
2596739487,date,2014-10-30,source
2596739487,postcode,2612JA,addr
2596739487,housenumber,29,addr
2596739543,source,BAG,regular
2596739543,city,Delft,addr
2596739543,street,Kalverbos,addr
2596739543,date,2014-10-30,source
2596739543,postcode,2611XW,addr
2596739543,housenumber,2A,addr
2596739663,source,BAG,regular
2596739663,city,Delft,addr
2596739663,street,Bankastraat,addr
2596739663,date,2014-10-30,source
2596739663,postcode,2612AE,addr
2596739663,housenumber,3,addr
2596739968,source,BAG,regular
2596739968,city,Delft,addr
2596739968,street,Koepoortstraat,addr
2596739968,date,2014-10-30,source
2596739968,postcode,2612HS,addr
2596739968,housenumber,3,addr
2596740389,source,BAG,regular
2596740389,city,Delft,addr
2596740389,street,Stille Putten,addr
2596740389,date,2014-10-30,source
2596740389,postcode,2612KS,addr
2596740389,housenumber,3,addr
2596740744,source,BAG,regular
2596740744,city,Delft,addr
2596740744,street,Fabritiusstraat,addr
2596740744,date,2014-10-30,source
2596740744,postcode,2612HP,addr
2596740744,housenumber,30,addr
2596740804,source,BAG,regular
2596740804,city,Delft,addr
2596740804,street,Sint Jorisweg,addr
2596740804,date,2014-10-30,source
2596740804,postcode,2612GA,addr
2596740804,housenumber,30,addr
2596740855,source,BAG,regular
2596740855,city,Delft,addr
2596740855,street,Archipellaan,addr
2596740855,date,2014-10-30,source
2596740855,postcode,2612GB,addr
2596740855,housenumber,31,addr
2596740905,source,BAG,regular
2596740905,city,Delft,addr
2596740905,street,Rembrandtstraat,addr
2596740905,date,2014-10-30,source
2596740905,postcode,2612XL,addr
2596740905,housenumber,31,addr
2596740959,source,BAG,regular
2596740959,city,Delft,addr
2596740959,street,Teding van Berkhoutlaan,addr
2596740959,date,2014-10-30,source
2596740959,postcode,2614AV,addr
2596740959,housenumber,31B,addr
2596741063,source,BAG,regular
2596741063,city,Delft,addr
2596741063,street,Oude IJsbaan,addr
2596741063,date,2014-10-30,source
2596741063,postcode,2612NG,addr
2596741063,housenumber,32,addr
2596741118,source,BAG,regular
2596741118,city,Delft,addr
2596741118,street,Van Adrichemstraat,addr
2596741118,date,2014-10-30,source
2596741118,postcode,2614BR,addr
2596741118,housenumber,327,addr
2596741168,source,BAG,regular
2596741168,city,Delft,addr
2596741168,street,Rembrandtstraat,addr
2596741168,date,2014-10-30,source
2596741168,postcode,2612XL,addr
2596741168,housenumber,33,addr
2596741241,source,BAG,regular
2596741241,city,Rijswijk,addr
2596741241,street,Fazantlaan,addr
2596741241,date,2014-10-30,source
2596741241,postcode,2289ER,addr
2596741241,housenumber,34,addr
2596741371,source,BAG,regular
2596741371,city,Delft,addr
2596741371,street,Van Assendelftstraat,addr
2596741371,date,2014-10-30,source
2596741371,postcode,2612JD,addr
2596741371,housenumber,34,addr
2596741566,source,BAG,regular
2596741566,city,Delft,addr
2596741566,street,Kopkas,addr
2596741566,date,2014-10-30,source
2596741566,postcode,2614SB,addr
2596741566,housenumber,35,addr
2596741623,source,BAG,regular
2596741623,city,Delft,addr
2596741623,street,Prins Mauritsstraat,addr
2596741623,date,2014-10-30,source
2596741623,postcode,2628SR,addr
2596741623,housenumber,35A,addr
2596741685,source,BAG,regular
2596741685,city,Delft,addr
2596741685,street,Prins Mauritsstraat,addr
2596741685,date,2014-10-30,source
2596741685,postcode,2628ST,addr
2596741685,housenumber,36,addr
2596741738,source,BAG,regular
2596741738,city,Delft,addr
2596741738,street,De Genestetstraat,addr
2596741738,date,2014-10-30,source
2596741738,postcode,2612RL,addr
2596741738,housenumber,37,addr
2596741851,source,BAG,regular
2596741851,city,Delft,addr
2596741851,street,Van der Haertstraat,addr
2596741851,date,2014-10-30,source
2596741851,postcode,2613ZA,addr
2596741851,housenumber,37,addr
2596741991,source,BAG,regular
2596741991,city,Delft,addr
2596741991,street,Maria Duystlaan,addr
2596741991,date,2014-10-30,source
2596741991,postcode,2612ST,addr
2596741991,housenumber,38,addr
2596742041,source,BAG,regular
2596742041,city,Delft,addr
2596742041,street,Bonairestraat,addr
2596742041,date,2014-10-30,source
2596742041,postcode,2612GX,addr
2596742041,housenumber,39,addr
2596742091,source,BAG,regular
2596742091,city,Delft,addr
2596742091,street,Waterblok,addr
2596742091,date,2014-10-30,source
2596742091,postcode,2612KX,addr
2596742091,housenumber,39,addr
2596742306,source,BAG,regular
2596742306,city,Delft,addr
2596742306,street,Cornelis Musiusstraat,addr
2596742306,date,2014-10-30,source
2596742306,postcode,2612PH,addr
2596742306,housenumber,4,addr
2596742360,source,BAG,regular
2596742360,city,Rijswijk,addr
2596742360,street,Leeuweriklaan,addr
2596742360,date,2014-10-30,source
2596742360,postcode,2289EG,addr
2596742360,housenumber,4,addr
2596742710,source,BAG,regular
2596742710,city,Delft,addr
2596742710,street,Spiekmanstraat,addr
2596742710,date,2014-10-30,source
2596742710,postcode,2628VE,addr
2596742710,housenumber,4,addr
2596743347,source,BAG,regular
2596743347,city,Rijswijk,addr
2596743347,street,Fazantlaan,addr
2596743347,date,2014-10-30,source
2596743347,postcode,2289ER,addr
2596743347,housenumber,40,addr
2596743869,source,BAG,regular
2596743869,city,Delft,addr
2596743869,street,Van Lodensteynstraat,addr
2596743869,date,2014-10-30,source
2596743869,postcode,2612SG,addr
2596743869,housenumber,40,addr
2596744313,source,BAG,regular
2596744313,city,Delft,addr
2596744313,street,Teding van Berkhoutlaan,addr
2596744313,date,2014-10-30,source
2596744313,postcode,2614AW,addr
2596744313,housenumber,41,addr
2596744411,source,BAG,regular
2596744411,city,Rijswijk,addr
2596744411,street,Nachtegaallaan,addr
2596744411,date,2014-10-30,source
2596744411,postcode,2289EH,addr
2596744411,housenumber,42,addr
2596744585,source,BAG,regular
2596744585,city,Delft,addr
2596744585,street,Hendrick de Keyserweg,addr
2596744585,date,2014-10-30,source
2596744585,postcode,2612KA,addr
2596744585,housenumber,43,addr
2596744743,source,BAG,regular
2596744743,city,Delft,addr
2596744743,street,Hendrick de Keyserweg,addr
2596744743,date,2014-10-30,source
2596744743,postcode,2612KH,addr
2596744743,housenumber,44,addr
2596744918,source,BAG,regular
2596744918,city,Delft,addr
2596744918,street,Wilgenlaan,addr
2596744918,date,2014-10-30,source
2596744918,postcode,2612TL,addr
2596744918,housenumber,44,addr
2596745247,source,BAG,regular
2596745247,city,Delft,addr
2596745247,street,Vrijenbanselaan,addr
2596745247,date,2014-10-30,source
2596745247,postcode,2612CL,addr
2596745247,housenumber,45,addr
2596745616,source,BAG,regular
2596745616,city,Delft,addr
2596745616,street,Stalpaert van der Wieleweg,addr
2596745616,date,2014-10-30,source
2596745616,postcode,2612SX,addr
2596745616,housenumber,46,addr
2596745740,source,BAG,regular
2596745740,city,Delft,addr
2596745740,street,Van Adrichemstraat,addr
2596745740,date,2014-10-30,source
2596745740,postcode,2614BJ,addr
2596745740,housenumber,47,addr
2596745800,source,BAG,regular
2596745800,city,Delft,addr
2596745800,street,Persijnlaan,addr
2596745800,date,2014-10-30,source
2596745800,postcode,2614AB,addr
2596745800,housenumber,48,addr
2596745855,source,BAG,regular
2596745855,city,Delft,addr
2596745855,street,Odulphusstraat,addr
2596745855,date,2014-10-30,source
2596745855,postcode,2612PP,addr
2596745855,housenumber,49,addr
2596746056,source,BAG,regular
2596746056,city,Rijswijk,addr
2596746056,street,van Hardenbroeklaan,addr
2596746056,date,2014-10-30,source
2596746056,postcode,2288CC,addr
2596746056,housenumber,4h,addr
2596746344,source,BAG,regular
2596746344,city,Delft,addr
2596746344,street,Freibergstraat,addr
2596746344,date,2014-10-30,source
2596746344,postcode,2612BT,addr
2596746344,housenumber,5,addr
2596746601,source,BAG,regular
2596746601,city,Delft,addr
2596746601,street,Oostsingel,addr
2596746601,date,2014-10-30,source
2596746601,postcode,2612HB,addr
2596746601,housenumber,5,addr
2596746862,source,BAG,regular
2596746862,city,Delft,addr
2596746862,street,Vijver Noord,addr
2596746862,date,2014-10-30,source
2596746862,postcode,2613ZN,addr
2596746862,housenumber,5,addr
2596747166,source,BAG,regular
2596747166,city,Delft,addr
2596747166,street,Prins Mauritsstraat,addr
2596747166,date,2014-10-30,source
2596747166,postcode,2628SV,addr
2596747166,housenumber,50,addr
2596747412,source,BAG,regular
2596747412,city,Delft,addr
2596747412,street,Oude IJsbaan,addr
2596747412,date,2014-10-30,source
2596747412,postcode,2612NB,addr
2596747412,housenumber,51,addr
2596747969,source,BAG,regular
2596747969,city,Delft,addr
2596747969,street,Oudraadtweg,addr
2596747969,date,2014-10-30,source
2596747969,postcode,2612SN,addr
2596747969,housenumber,52,addr
2596748490,source,BAG,regular
2596748490,city,Delft,addr
2596748490,street,Meermanstraat,addr
2596748490,date,2014-10-30,source
2596748490,postcode,2614AH,addr
2596748490,housenumber,53,addr
2596748816,source,BAG,regular
2596748816,city,Delft,addr
2596748816,street,Nassaulaan,addr
2596748816,date,2014-10-30,source
2596748816,postcode,2628GJ,addr
2596748816,housenumber,54,addr
2596749093,source,BAG,regular
2596749093,city,Delft,addr
2596749093,street,Javastraat,addr
2596749093,date,2014-10-30,source
2596749093,postcode,2612AP,addr
2596749093,housenumber,55,addr
2596749359,source,BAG,regular
2596749359,city,Delft,addr
2596749359,street,Hoogenhouckstraat,addr
2596749359,date,2014-10-30,source
2596749359,postcode,2614BX,addr
2596749359,housenumber,56,addr
2596749614,source,BAG,regular
2596749614,city,Delft,addr
2596749614,street,Elzenlaan,addr
2596749614,date,2014-10-30,source
2596749614,postcode,2612VW,addr
2596749614,housenumber,57,addr
2596749865,source,BAG,regular
2596749865,city,Delft,addr
2596749865,street,Brasserskade,addr
2596749865,date,2014-10-30,source
2596749865,postcode,2612CA,addr
2596749865,housenumber,57K,addr
2596750116,source,BAG,regular
2596750116,city,Delft,addr
2596750116,street,Tweemolentjeskade,addr
2596750116,date,2014-10-30,source
2596750116,postcode,2612XX,addr
2596750116,housenumber,58,addr
2596750369,source,BAG,regular
2596750369,city,Delft,addr
2596750369,street,Van der Haertstraat,addr
2596750369,date,2014-10-30,source
2596750369,postcode,2613ZA,addr
2596750369,housenumber,59,addr
2596750628,source,BAG,regular
2596750628,city,Rijswijk,addr
2596750628,street,Eksterpad,addr
2596750628,date,2014-10-30,source
2596750628,postcode,2289ET,addr
2596750628,housenumber,6,addr
2596750844,source,BAG,regular
2596750844,city,Delft,addr
2596750844,street,Meidoornlaan,addr
2596750844,date,2014-10-30,source
2596750844,postcode,2612TR,addr
2596750844,housenumber,6,addr
2596751122,source,BAG,regular
2596751122,city,Delft,addr
2596751122,street,Van Assendelftstraat,addr
2596751122,date,2014-10-30,source
2596751122,postcode,2612JD,addr
2596751122,housenumber,6,addr
2596751401,source,BAG,regular
2596751401,city,Delft,addr
2596751401,street,Oostblok,addr
2596751401,date,2014-10-30,source
2596751401,postcode,2612PD,addr
2596751401,housenumber,60,addr
2596751615,source,BAG,regular
2596751615,city,Delft,addr
2596751615,street,Nassauplein,addr
2596751615,date,2014-10-30,source
2596751615,postcode,2628GW,addr
2596751615,housenumber,61,addr
2596752042,source,BAG,regular
2596752042,city,Delft,addr
2596752042,street,Oude IJsbaan,addr
2596752042,date,2014-10-30,source
2596752042,postcode,2612NG,addr
2596752042,housenumber,62,addr
2596752602,source,BAG,regular
2596752602,city,Delft,addr
2596752602,street,Nassauplein,addr
2596752602,date,2014-10-30,source
2596752602,postcode,2628GW,addr
2596752602,housenumber,63,addr
2596753011,source,BAG,regular
2596753011,city,Rijswijk,addr
2596753011,street,Patrijsweg,addr
2596753011,date,2014-10-30,source
2596753011,postcode,2289EX,addr
2596753011,housenumber,64,addr
2596753240,source,BAG,regular
2596753240,city,Delft,addr
2596753240,street,Simonsstraat,addr
2596753240,date,2014-10-30,source
2596753240,postcode,2628TE,addr
2596753240,housenumber,65,addr
2596753688,source,BAG,regular
2596753688,city,Delft,addr
2596753688,street,Ternatestraat,addr
2596753688,date,2014-10-30,source
2596753688,postcode,2612BH,addr
2596753688,housenumber,66,addr
2596753973,source,BAG,regular
2596753973,city,Delft,addr
2596753973,street,Alexander Fleminglaan,addr
2596753973,date,2014-10-30,source
2596753973,postcode,2613AX,addr
2596753973,housenumber,671,addr
2596754221,source,BAG,regular
2596754221,city,Delft,addr
2596754221,street,Alexander Fleminglaan,addr
2596754221,date,2014-10-30,source
2596754221,postcode,2613AX,addr
2596754221,housenumber,681,addr
2596754443,source,BAG,regular
2596754443,city,Rijswijk,addr
2596754443,street,van Hardenbroeklaan,addr
2596754443,date,2014-10-30,source
2596754443,postcode,2288CC,addr
2596754443,housenumber,6e,addr
2596754644,source,BAG,regular
2596754644,city,Den Hoorn,addr
2596754644,street,Hadrianuslaan,addr
2596754644,date,2014-10-30,source
2596754644,postcode,2635BV,addr
2596754644,housenumber,7,addr
2596754875,source,BAG,regular
2596754875,city,Delft,addr
2596754875,street,Robert Koumansplein,addr
2596754875,date,2014-10-30,source
2596754875,postcode,2613ZP,addr
2596754875,housenumber,7,addr
2596755273,source,BAG,regular
2596755273,city,Delft,addr
2596755273,street,Bieslandsekade,addr
2596755273,date,2014-10-30,source
2596755273,postcode,2612JZ,addr
2596755273,housenumber,70,addr
2596755665,source,BAG,regular
2596755665,city,Delft,addr
2596755665,street,Doctor Schaepmanstraat,addr
2596755665,date,2014-10-30,source
2596755665,postcode,2612PK,addr
2596755665,housenumber,71,addr
2596756009,source,BAG,regular
2596756009,city,Delft,addr
2596756009,street,Oostblok,addr
2596756009,date,2014-10-30,source
2596756009,postcode,2612PD,addr
2596756009,housenumber,72,addr
2596756249,source,BAG,regular
2596756249,city,Delft,addr
2596756249,street,Van Adrichemstraat,addr
2596756249,date,2014-10-30,source
2596756249,postcode,2614BK,addr
2596756249,housenumber,73,addr
2596756446,source,BAG,regular
2596756446,city,Rijswijk,addr
2596756446,street,Jaagpad,addr
2596756446,date,2014-10-30,source
2596756446,postcode,2288CH,addr
2596756446,housenumber,75,addr
2596756576,source,BAG,regular
2596756576,city,Delft,addr
2596756576,street,Van Paassenkade,addr
2596756576,date,2014-10-30,source
2596756576,postcode,2614KM,addr
2596756576,housenumber,76,addr
2596756632,source,BAG,regular
2596756632,city,Delft,addr
2596756632,street,Persijnlaan,addr
2596756632,date,2014-10-30,source
2596756632,postcode,2614AD,addr
2596756632,housenumber,78,addr
2596756713,source,BAG,regular
2596756713,city,Delft,addr
2596756713,street,Bankastraat,addr
2596756713,date,2014-10-30,source
2596756713,postcode,2612AG,addr
2596756713,housenumber,8,addr
2596757056,source,BAG,regular
2596757056,city,Delft,addr
2596757056,street,Laan van Altena,addr
2596757056,date,2014-10-30,source
2596757056,postcode,2613AJ,addr
2596757056,housenumber,8,addr
2596757340,source,BAG,regular
2596757340,city,Delft,addr
2596757340,street,Stille Putten,addr
2596757340,date,2014-10-30,source
2596757340,postcode,2612KT,addr
2596757340,housenumber,8,addr
2596757394,source,BAG,regular
2596757394,city,Rijswijk,addr
2596757394,street,Pauwhof,addr
2596757394,date,2014-10-30,source
2596757394,postcode,2289BJ,addr
2596757394,housenumber,80,addr
2596757476,source,BAG,regular
2596757476,city,Rijswijk,addr
2596757476,street,Jaagpad,addr
2596757476,date,2014-10-30,source
2596757476,postcode,2288CJ,addr
2596757476,housenumber,82,addr
2596757531,source,BAG,regular
2596757531,city,Delft,addr
2596757531,street,Van Lodensteynstraat,addr
2596757531,date,2014-10-30,source
2596757531,postcode,2612RZ,addr
2596757531,housenumber,83F,addr
2596757586,source,BAG,regular
2596757586,city,Delft,addr
2596757586,street,Meidoornlaan,addr
2596757586,date,2014-10-30,source
2596757586,postcode,2612TP,addr
2596757586,housenumber,85,addr
2596757637,source,BAG,regular
2596757637,city,Delft,addr
2596757637,street,Kopkas,addr
2596757637,date,2014-10-30,source
2596757637,postcode,2614SC,addr
2596757637,housenumber,87,addr
2596757844,source,BAG,regular
2596757844,city,Delft,addr
2596757844,street,Vosmaerstraat,addr
2596757844,date,2014-10-30,source
2596757844,postcode,2614AT,addr
2596757844,housenumber,88,addr
2596757896,source,BAG,regular
2596757896,city,Delft,addr
2596757896,street,Borneostraat,addr
2596757896,date,2014-10-30,source
2596757896,postcode,2612AC,addr
2596757896,housenumber,9,addr
2596757952,source,BAG,regular
2596757952,city,Delft,addr
2596757952,street,Middelweg,addr
2596757952,date,2014-10-30,source
2596757952,postcode,2616LV,addr
2596757952,housenumber,9,addr
2596758006,source,BAG,regular
2596758006,city,Delft,addr
2596758006,street,Van der Madestraat,addr
2596758006,date,2014-10-30,source
2596758006,postcode,2612RB,addr
2596758006,housenumber,9,addr
2596758062,source,BAG,regular
2596758062,city,Rijswijk,addr
2596758062,street,Delftweg,addr
2596758062,date,2014-10-30,source
2596758062,postcode,2289BB,addr
2596758062,housenumber,91,addr
2596758151,source,BAG,regular
2596758151,city,Delft,addr
2596758151,street,Camerlingstraat,addr
2596758151,date,2014-10-30,source
2596758151,postcode,2614BC,addr
2596758151,housenumber,93,addr
2596758218,source,BAG,regular
2596758218,city,Delft,addr
2596758218,street,W.H. van Leeuwenlaan,addr
2596758218,date,2014-10-30,source
2596758218,postcode,2613ZG,addr
2596758218,housenumber,94,addr
2596758335,source,BAG,regular
2596758335,city,Delft,addr
2596758335,street,Vosmaerstraat,addr
2596758335,date,2014-10-30,source
2596758335,postcode,2614AT,addr
2596758335,housenumber,96,addr
2596758678,source,BAG,regular
2596758678,city,Delft,addr
2596758678,street,Doctor Schaepmanstraat,addr
2596758678,date,2014-10-30,source
2596758678,postcode,2612PL,addr
2596758678,housenumber,99,addr
2597968371,source,BAG,regular
2597968371,city,Delft,addr
2597968371,street,Elsje van Houwelingenstraat,addr
2597968371,date,2014-10-30,source
2597968371,postcode,2613LA,addr
2597968371,housenumber,1,addr
2597968516,source,BAG,regular
2597968516,city,Delft,addr
2597968516,street,Kristalplein,addr
2597968516,date,2014-10-30,source
2597968516,postcode,2614TX,addr
2597968516,housenumber,1,addr
2597968569,source,BAG,regular
2597968569,city,Den Hoorn,addr
2597968569,street,Prinsessenpad,addr
2597968569,date,2014-10-30,source
2597968569,postcode,2635HS,addr
2597968569,housenumber,1,addr
2597968624,source,BAG,regular
2597968624,city,Den Hoorn,addr
2597968624,street,Willibrordusstraat,addr
2597968624,date,2014-10-30,source
2597968624,postcode,2635EW,addr
2597968624,housenumber,1,addr
2597968675,source,BAG,regular
2597968675,city,Delft,addr
2597968675,street,Glaskloksingel,addr
2597968675,date,2014-10-30,source
2597968675,postcode,2614SJ,addr
2597968675,housenumber,10,addr
2597968848,source,BAG,regular
2597968848,city,Delft,addr
2597968848,street,Landmeterpad,addr
2597968848,date,2014-10-30,source
2597968848,postcode,2613NG,addr
2597968848,housenumber,10,addr
2597968985,source,BAG,regular
2597968985,city,Delft,addr
2597968985,street,Schrobbelaarstraat,addr
2597968985,date,2014-10-30,source
2597968985,postcode,2613MJ,addr
2597968985,housenumber,10,addr
2597969096,source,BAG,regular
2597969096,city,Delft,addr
2597969096,street,Zuiddijk,addr
2597969096,date,2014-10-30,source
2597969096,postcode,2614MJ,addr
2597969096,housenumber,10,addr
2597969407,source,BAG,regular
2597969407,city,Delft,addr
2597969407,street,Ricardishof,addr
2597969407,date,2014-10-30,source
2597969407,postcode,2614JG,addr
2597969407,housenumber,101,addr
2597969788,source,BAG,regular
2597969788,city,Delft,addr
2597969788,street,Jacoba van Beierenlaan,addr
2597969788,date,2014-10-30,source
2597969788,postcode,2613JD,addr
2597969788,housenumber,103B,addr
2597969957,source,BAG,regular
2597969957,city,Delft,addr
2597969957,street,Hugo de Grootstraat,addr
2597969957,date,2014-10-30,source
2597969957,postcode,2613VR,addr
2597969957,housenumber,105J,addr
2597970105,source,BAG,regular
2597970105,city,Den Hoorn,addr
2597970105,street,Dijkshoornseweg,addr
2597970105,date,2014-10-30,source
2597970105,postcode,2635ET,addr
2597970105,housenumber,108,addr
2597970185,source,BAG,regular
2597970185,city,Delft,addr
2597970185,street,Anna Beijerstraat,addr
2597970185,date,2014-10-30,source
2597970185,postcode,2613DP,addr
2597970185,housenumber,11,addr
2597970267,source,BAG,regular
2597970267,city,Delft,addr
2597970267,street,Hugo de Grootplein,addr
2597970267,date,2014-10-30,source
2597970267,postcode,2613VL,addr
2597970267,housenumber,11,addr
2597970346,source,BAG,regular
2597970346,city,Delft,addr
2597970346,street,Parkzoom,addr
2597970346,date,2014-10-30,source
2597970346,postcode,2614TC,addr
2597970346,housenumber,11,addr
2597970550,source,BAG,regular
2597970550,city,Delft,addr
2597970550,street,Van der Heimstraat,addr
2597970550,date,2014-10-30,source
2597970550,postcode,2613DZ,addr
2597970550,housenumber,11,addr
2597970709,source,BAG,regular
2597970709,city,Delft,addr
2597970709,street,Westplantsoen,addr
2597970709,date,2014-10-30,source
2597970709,postcode,2613GP,addr
2597970709,housenumber,110,addr
2597970761,source,BAG,regular
2597970761,city,Den Hoorn,addr
2597970761,street,Dijkshoornseweg,addr
2597970761,date,2014-10-30,source
2597970761,postcode,2635EM,addr
2597970761,housenumber,113,addr
2597970814,source,BAG,regular
2597970814,city,Delft,addr
2597970814,street,Van Foreestweg,addr
2597970814,date,2014-10-30,source
2597970814,postcode,2614CE,addr
2597970814,housenumber,115,addr
2597970898,source,BAG,regular
2597970898,city,Delft,addr
2597970898,street,Hof van Delftlaan,addr
2597970898,date,2014-10-30,source
2597970898,postcode,2613BS,addr
2597970898,housenumber,118,addr
2597970951,source,BAG,regular
2597970951,city,Den Hoorn,addr
2597970951,street,Achterdijkshoorn,addr
2597970951,date,2014-10-30,source
2597970951,postcode,2635MK,addr
2597970951,housenumber,12,addr
2597971043,source,BAG,regular
2597971043,city,Delft,addr
2597971043,street,Hof van Zilverlicht,addr
2597971043,date,2014-10-30,source
2597971043,postcode,2614TW,addr
2597971043,housenumber,12,addr
2597971129,source,BAG,regular
2597971129,city,Den Hoorn,addr
2597971129,street,Oranje-Nassauplein,addr
2597971129,date,2014-10-30,source
2597971129,postcode,2635HZ,addr
2597971129,housenumber,12,addr
2597971183,source,BAG,regular
2597971183,city,Delft,addr
2597971183,street,Van Zuylen van Nijeveltstraat,addr
2597971183,date,2014-10-30,source
2597971183,postcode,2613CW,addr
2597971183,housenumber,12,addr
2597971236,source,BAG,regular
2597971236,city,Delft,addr
2597971236,street,Raamstraat,addr
2597971236,date,2014-10-30,source
2597971236,postcode,2613SG,addr
2597971236,housenumber,120,addr
2597971312,source,BAG,regular
2597971312,city,Delft,addr
2597971312,street,C. Fockstraat,addr
2597971312,date,2014-10-30,source
2597971312,postcode,2613DE,addr
2597971312,housenumber,123,addr
2597971375,source,BAG,regular
2597971375,city,Delft,addr
2597971375,street,Van Foreestweg,addr
2597971375,date,2014-10-30,source
2597971375,postcode,2614CG,addr
2597971375,housenumber,125,addr
2597971427,source,BAG,regular
2597971427,city,Delft,addr
2597971427,street,Sasboutstraat,addr
2597971427,date,2014-10-30,source
2597971427,postcode,2614CT,addr
2597971427,housenumber,128,addr
2597971479,source,BAG,regular
2597971479,city,Delft,addr
2597971479,street,Caspar Fagelstraat,addr
2597971479,date,2014-10-30,source
2597971479,postcode,2613GT,addr
2597971479,housenumber,13,addr
2597971542,source,BAG,regular
2597971542,city,Delft,addr
2597971542,street,Kniekas,addr
2597971542,date,2014-10-30,source
2597971542,postcode,2614SZ,addr
2597971542,housenumber,13,addr
2597971592,source,BAG,regular
2597971592,city,Delft,addr
2597971592,street,Rivierpad,addr
2597971592,date,2014-10-30,source
2597971592,postcode,2614XB,addr
2597971592,housenumber,13,addr
2597971642,source,BAG,regular
2597971642,city,Delft,addr
2597971642,street,Zoethoutstraat,addr
2597971642,date,2014-10-30,source
2597971642,postcode,2614HC,addr
2597971642,housenumber,13,addr
2597971837,source,BAG,regular
2597971837,city,Delft,addr
2597971837,street,Tuindersvaart,addr
2597971837,date,2014-10-30,source
2597971837,postcode,2614SL,addr
2597971837,housenumber,132,addr
2597972165,source,BAG,regular
2597972165,city,Delft,addr
2597972165,street,Pootstraat,addr
2597972165,date,2014-10-30,source
2597972165,postcode,2613PJ,addr
2597972165,housenumber,135,addr
2597972343,source,BAG,regular
2597972343,city,Delft,addr
2597972343,street,Sasboutstraat,addr
2597972343,date,2014-10-30,source
2597972343,postcode,2614CV,addr
2597972343,housenumber,138-I,addr
2597972394,source,BAG,regular
2597972394,city,Delft,addr
2597972394,street,Eliza Dorusstraat,addr
2597972394,date,2014-10-30,source
2597972394,postcode,2613EE,addr
2597972394,housenumber,14,addr
2597972461,source,BAG,regular
2597972461,city,Delft,addr
2597972461,street,Landmeterpad,addr
2597972461,date,2014-10-30,source
2597972461,postcode,2613NG,addr
2597972461,housenumber,14,addr
2597972511,source,BAG,regular
2597972511,city,Den Hoorn,addr
2597972511,street,Sionsland,addr
2597972511,date,2014-10-30,source
2597972511,postcode,2635MT,addr
2597972511,housenumber,14,addr
2597972561,source,BAG,regular
2597972561,city,Delft,addr
2597972561,street,Staalmeesterstraat,addr
2597972561,date,2014-10-30,source
2597972561,postcode,2613MV,addr
2597972561,housenumber,14-I,addr
2597972614,source,BAG,regular
2597972614,city,Delft,addr
2597972614,street,Westplantsoen,addr
2597972614,date,2014-10-30,source
2597972614,postcode,2613GP,addr
2597972614,housenumber,142,addr
2597972669,source,BAG,regular
2597972669,city,Delft,addr
2597972669,street,Mina Krusemanstraat,addr
2597972669,date,2014-10-30,source
2597972669,postcode,2614JJ,addr
2597972669,housenumber,146,addr
2597972723,source,BAG,regular
2597972723,city,Delft,addr
2597972723,street,Schrobbelaarstraat,addr
2597972723,date,2014-10-30,source
2597972723,postcode,2613MK,addr
2597972723,housenumber,14B,addr
2597972816,source,BAG,regular
2597972816,city,Delft,addr
2597972816,street,Havenstraat,addr
2597972816,date,2014-10-30,source
2597972816,postcode,2613VK,addr
2597972816,housenumber,15,addr
2597972952,source,BAG,regular
2597972952,city,Delft,addr
2597972952,street,Mouterpad,addr
2597972952,date,2014-10-30,source
2597972952,postcode,2613MZ,addr
2597972952,housenumber,15,addr
2597973002,source,BAG,regular
2597973002,city,Delft,addr
2597973002,street,Van Tienhovenstraat,addr
2597973002,date,2014-10-30,source
2597973002,postcode,2613XC,addr
2597973002,housenumber,15,addr
2597973054,source,BAG,regular
2597973054,city,Delft,addr
2597973054,street,Parkzoom,addr
2597973054,date,2014-10-30,source
2597973054,postcode,2614TD,addr
2597973054,housenumber,151,addr
2597973120,source,BAG,regular
2597973120,city,Delft,addr
2597973120,street,Hoflandendreef,addr
2597973120,date,2014-10-30,source
2597973120,postcode,2614MR,addr
2597973120,housenumber,155,addr
2597973213,source,BAG,regular
2597973213,city,Delft,addr
2597973213,street,Sasboutstraat,addr
2597973213,date,2014-10-30,source
2597973213,postcode,2614CV,addr
2597973213,housenumber,158-I,addr
2597973264,source,BAG,regular
2597973264,city,Delft,addr
2597973264,street,Faunapad,addr
2597973264,date,2014-10-30,source
2597973264,postcode,2614WN,addr
2597973264,housenumber,16,addr
2597973410,source,BAG,regular
2597973410,city,Delft,addr
2597973410,street,Leehoeve,addr
2597973410,date,2014-10-30,source
2597973410,postcode,2614MH,addr
2597973410,housenumber,16,addr
2597973674,source,BAG,regular
2597973674,city,Delft,addr
2597973674,street,Tingieterpad,addr
2597973674,date,2014-10-30,source
2597973674,postcode,2613NB,addr
2597973674,housenumber,16,addr
2597973950,source,BAG,regular
2597973950,city,Delft,addr
2597973950,street,Mina Krusemanstraat,addr
2597973950,date,2014-10-30,source
2597973950,postcode,2614JJ,addr
2597973950,housenumber,160,addr
2597974057,source,BAG,regular
2597974057,city,Delft,addr
2597974057,street,Antonia Veerstraat,addr
2597974057,date,2014-10-30,source
2597974057,postcode,2614HZ,addr
2597974057,housenumber,165,addr
2597974111,source,BAG,regular
2597974111,city,Delft,addr
2597974111,street,Pootstraat,addr
2597974111,date,2014-10-30,source
2597974111,postcode,2613PK,addr
2597974111,housenumber,169,addr
2597974162,source,BAG,regular
2597974162,city,Delft,addr
2597974162,street,Florapad,addr
2597974162,date,2014-10-30,source
2597974162,postcode,2614WP,addr
2597974162,housenumber,17,addr
2597974213,source,BAG,regular
2597974213,city,Den Hoorn,addr
2597974213,street,Looksingel,addr
2597974213,date,2014-10-30,source
2597974213,postcode,2635EB,addr
2597974213,housenumber,17,addr
2597974474,source,BAG,regular
2597974474,city,Delft,addr
2597974474,street,Van Saenredamstraat,addr
2597974474,date,2014-10-30,source
2597974474,postcode,2613NS,addr
2597974474,housenumber,17,addr
2597974820,source,BAG,regular
2597974820,city,Delft,addr
2597974820,street,Pootstraat,addr
2597974820,date,2014-10-30,source
2597974820,postcode,2613PK,addr
2597974820,housenumber,171-I,addr
2597974924,source,BAG,regular
2597974924,city,Delft,addr
2597974924,street,Hoflandendreef,addr
2597974924,date,2014-10-30,source
2597974924,postcode,2614MS,addr
2597974924,housenumber,177,addr
2597974974,source,BAG,regular
2597974974,city,Delft,addr
2597974974,street,Eliza Dorusstraat,addr
2597974974,date,2014-10-30,source
2597974974,postcode,2613EE,addr
2597974974,housenumber,18,addr
2597975024,source,BAG,regular
2597975024,city,Delft,addr
2597975024,street,Litouwen,addr
2597975024,date,2014-10-30,source
2597975024,postcode,2613MB,addr
2597975024,housenumber,18,addr
2597975074,source,BAG,regular
2597975074,city,Delft,addr
2597975074,street,Van Kinschotstraat,addr
2597975074,date,2014-10-30,source
2597975074,postcode,2614XL,addr
2597975074,housenumber,18,addr
2597975124,source,BAG,regular
2597975124,city,Delft,addr
2597975124,street,Buitenwatersloot,addr
2597975124,date,2014-10-30,source
2597975124,postcode,2613SW,addr
2597975124,housenumber,182,addr
2597975252,source,BAG,regular
2597975252,city,Delft,addr
2597975252,street,Paulus Buijsstraat,addr
2597975252,date,2014-10-30,source
2597975252,postcode,2613HR,addr
2597975252,housenumber,189,addr
2597975363,source,BAG,regular
2597975363,city,Delft,addr
2597975363,street,Hof van Azuur,addr
2597975363,date,2014-10-30,source
2597975363,postcode,2614TB,addr
2597975363,housenumber,19,addr
2597975413,source,BAG,regular
2597975413,city,Den Hoorn,addr
2597975413,street,Oranje-Nassauplein,addr
2597975413,date,2014-10-30,source
2597975413,postcode,2635HX,addr
2597975413,housenumber,19,addr
2597975463,source,BAG,regular
2597975463,city,Delft,addr
2597975463,street,Westeinde,addr
2597975463,date,2014-10-30,source
2597975463,postcode,2613VT,addr
2597975463,housenumber,19,addr
2597975513,source,BAG,regular
2597975513,city,Delft,addr
2597975513,street,Hoflandendreef,addr
2597975513,date,2014-10-30,source
2597975513,postcode,2614MS,addr
2597975513,housenumber,195,addr
2597975564,source,BAG,regular
2597975564,city,Delft,addr
2597975564,street,Tuinstraat,addr
2597975564,date,2014-10-30,source
2597975564,postcode,2613RB,addr
2597975564,housenumber,1A,addr
2597975616,source,BAG,regular
2597975616,city,Den Hoorn,addr
2597975616,street,Willem de Zwijgerlaan,addr
2597975616,date,2014-10-30,source
2597975616,postcode,2635JJ,addr
2597975616,housenumber,1c,addr
2597975666,source,BAG,regular
2597975666,city,Den Hoorn,addr
2597975666,street,Dirkjespeer,addr
2597975666,date,2014-10-30,source
2597975666,postcode,2635MA,addr
2597975666,housenumber,2,addr
2597975786,source,BAG,regular
2597975786,city,Delft,addr
2597975786,street,Kluizenaarsbocht,addr
2597975786,date,2014-10-30,source
2597975786,postcode,2614GT,addr
2597975786,housenumber,2,addr
2597975987,source,BAG,regular
2597975987,city,Den Hoorn,addr
2597975987,street,Prinses Irenelaan,addr
2597975987,date,2014-10-30,source
2597975987,postcode,2635HR,addr
2597975987,housenumber,2,addr
2597976155,source,BAG,regular
2597976155,city,Den Hoorn,addr
2597976155,street,Weeshuisland,addr
2597976155,date,2014-10-30,source
2597976155,postcode,2635MS,addr
2597976155,housenumber,2,addr
2597976207,source,BAG,regular
2597976207,city,Den Hoorn,addr
2597976207,street,Fluitekruid,addr
2597976207,date,2014-10-30,source
2597976207,postcode,2635KT,addr
2597976207,housenumber,20,addr
2597976270,source,BAG,regular
2597976270,city,Delft,addr
2597976270,street,Mina Krusemanstraat,addr
2597976270,date,2014-10-30,source
2597976270,postcode,2614JH,addr
2597976270,housenumber,20,addr
2597976320,source,BAG,regular
2597976320,city,Delft,addr
2597976320,street,Van Zuylen van Nijeveltstraat,addr
2597976320,date,2014-10-30,source
2597976320,postcode,2613CW,addr
2597976320,housenumber,20,addr
2597976370,source,BAG,regular
2597976370,city,Delft,addr
2597976370,street,Hoflandendreef,addr
2597976370,date,2014-10-30,source
2597976370,postcode,2614MS,addr
2597976370,housenumber,203,addr
2597976420,source,BAG,regular
2597976420,city,Den Hoorn,addr
2597976420,street,Prins Hendriklaan,addr
2597976420,date,2014-10-30,source
2597976420,postcode,2635JG,addr
2597976420,housenumber,20d,addr
2597976470,source,BAG,regular
2597976470,city,Delft,addr
2597976470,street,Hof van Spiegeling,addr
2597976470,date,2014-10-30,source
2597976470,postcode,2614VA,addr
2597976470,housenumber,21,addr
2597976523,source,BAG,regular
2597976523,city,Delft,addr
2597976523,street,Patrimoniumstraat,addr
2597976523,date,2014-10-30,source
2597976523,postcode,2613TM,addr
2597976523,housenumber,21,addr
2597976573,source,BAG,regular
2597976573,city,Delft,addr
2597976573,street,Willemstraat,addr
2597976573,date,2014-10-30,source
2597976573,postcode,2613DR,addr
2597976573,housenumber,21,addr
2597976626,source,BAG,regular
2597976626,city,Delft,addr
2597976626,street,Buitenwatersloot,addr
2597976626,date,2014-10-30,source
2597976626,postcode,2613SX,addr
2597976626,housenumber,218A,addr
2597976676,source,BAG,regular
2597976676,city,Delft,addr
2597976676,street,Hof van Azuur,addr
2597976676,date,2014-10-30,source
2597976676,postcode,2614TB,addr
2597976676,housenumber,22,addr
2597976727,source,BAG,regular
2597976727,city,Delft,addr
2597976727,street,Piersonstraat,addr
2597976727,date,2014-10-30,source
2597976727,postcode,2613WC,addr
2597976727,housenumber,22,addr
2597976777,source,BAG,regular
2597976777,city,Delft,addr
2597976777,street,Westerstraat,addr
2597976777,date,2014-10-30,source
2597976777,postcode,2613RH,addr
2597976777,housenumber,22,addr
2597976827,source,BAG,regular
2597976827,city,Delft,addr
2597976827,street,Jacoba van Beierenlaan,addr
2597976827,date,2014-10-30,source
2597976827,postcode,2613JG,addr
2597976827,housenumber,227,addr
2597976884,source,BAG,regular
2597976884,city,Den Hoorn,addr
2597976884,street,Gantel,addr
2597976884,date,2014-10-30,source
2597976884,postcode,2635DP,addr
2597976884,housenumber,23,addr
2597976934,source,BAG,regular
2597976934,city,Delft,addr
2597976934,street,Mienette Stormstraat,addr
2597976934,date,2014-10-30,source
2597976934,postcode,2614HR,addr
2597976934,housenumber,23,addr
2597976984,source,BAG,regular
2597976984,city,Delft,addr
2597976984,street,Welhoeckstraat,addr
2597976984,date,2014-10-30,source
2597976984,postcode,2613NP,addr
2597976984,housenumber,23,addr
2597977046,source,BAG,regular
2597977046,city,Delft,addr
2597977046,street,Parkzoom,addr
2597977046,date,2014-10-30,source
2597977046,postcode,2614TE,addr
2597977046,housenumber,239,addr
2597977182,source,BAG,regular
2597977182,city,Den Hoorn,addr
2597977182,street,Kartuizerland,addr
2597977182,date,2014-10-30,source
2597977182,postcode,2635DX,addr
2597977182,housenumber,24,addr
2597977233,source,BAG,regular
2597977233,city,Delft,addr
2597977233,street,Schrobbelaarstraat,addr
2597977233,date,2014-10-30,source
2597977233,postcode,2613ML,addr
2597977233,housenumber,24,addr
2597977283,source,BAG,regular
2597977283,city,Delft,addr
2597977283,street,Aletta Jacobsstraat,addr
2597977283,date,2014-10-30,source
2597977283,postcode,2614JC,addr
2597977283,housenumber,240,addr
2597977339,source,BAG,regular
2597977339,city,Den Hoorn,addr
2597977339,street,Lookwatering,addr
2597977339,date,2014-10-30,source
2597977339,postcode,2635CK,addr
2597977339,housenumber,24b,addr
2597977389,source,BAG,regular
2597977389,city,Delft,addr
2597977389,street,Hugo de Grootstraat,addr
2597977389,date,2014-10-30,source
2597977389,postcode,2613VM,addr
2597977389,housenumber,25,addr
2597977440,source,BAG,regular
2597977440,city,Delft,addr
2597977440,street,Schimmelpenninckstraat,addr
2597977440,date,2014-10-30,source
2597977440,postcode,2613TJ,addr
2597977440,housenumber,25,addr
2597977490,source,BAG,regular
2597977490,city,Delft,addr
2597977490,street,Buitenwatersloot,addr
2597977490,date,2014-10-30,source
2597977490,postcode,2613SZ,addr
2597977490,housenumber,252,addr
2597977570,source,BAG,regular
2597977570,city,Delft,addr
2597977570,street,Cort van der Lindenstraat,addr
2597977570,date,2014-10-30,source
2597977570,postcode,2613WX,addr
2597977570,housenumber,26,addr
2597977620,source,BAG,regular
2597977620,city,Delft,addr
2597977620,street,Mijerstraat,addr
2597977620,date,2014-10-30,source
2597977620,postcode,2613XM,addr
2597977620,housenumber,26,addr
2597977671,source,BAG,regular
2597977671,city,Delft,addr
2597977671,street,Warmoezierstraat,addr
2597977671,date,2014-10-30,source
2597977671,postcode,2613VJ,addr
2597977671,housenumber,26,addr
2597977732,source,BAG,regular
2597977732,city,Delft,addr
2597977732,street,Buitenwatersloot,addr
2597977732,date,2014-10-30,source
2597977732,postcode,2613SZ,addr
2597977732,housenumber,268,addr
2597977782,source,BAG,regular
2597977782,city,Delft,addr
2597977782,street,Hof van Azuur,addr
2597977782,date,2014-10-30,source
2597977782,postcode,2614TB,addr
2597977782,housenumber,27,addr
2597977839,source,BAG,regular
2597977839,city,Den Hoorn,addr
2597977839,street,Pinksterbloem,addr
2597977839,date,2014-10-30,source
2597977839,postcode,2635KE,addr
2597977839,housenumber,27,addr
2597977902,source,BAG,regular
2597977902,city,Delft,addr
2597977902,street,Willem Hooftstraat,addr
2597977902,date,2014-10-30,source
2597977902,postcode,2614EV,addr
2597977902,housenumber,27-I,addr
2597977953,source,BAG,regular
2597977953,city,Delft,addr
2597977953,street,Coenderstraat,addr
2597977953,date,2014-10-30,source
2597977953,postcode,2613SN,addr
2597977953,housenumber,28,addr
2597978003,source,BAG,regular
2597978003,city,Delft,addr
2597978003,street,Marlotlaan,addr
2597978003,date,2014-10-30,source
2597978003,postcode,2614HJ,addr
2597978003,housenumber,28,addr
2597978053,source,BAG,regular
2597978053,city,Delft,addr
2597978053,street,Verlengde Singelstraat,addr
2597978053,date,2014-10-30,source
2597978053,postcode,2613EV,addr
2597978053,housenumber,28,addr
2597978104,source,BAG,regular
2597978104,city,Delft,addr
2597978104,street,Hugo de Grootstraat,addr
2597978104,date,2014-10-30,source
2597978104,postcode,2613VC,addr
2597978104,housenumber,288,addr
2597978167,source,BAG,regular
2597978167,city,Delft,addr
2597978167,street,Hof van Spiegeling,addr
2597978167,date,2014-10-30,source
2597978167,postcode,2614VA,addr
2597978167,housenumber,29,addr
2597978217,source,BAG,regular
2597978217,city,Delft,addr
2597978217,street,Ruys de Beerenbrouckstraat,addr
2597978217,date,2014-10-30,source
2597978217,postcode,2613AS,addr
2597978217,housenumber,29,addr
2597978267,source,BAG,regular
2597978267,city,Delft,addr
2597978267,street,Mina Krusemanstraat,addr
2597978267,date,2014-10-30,source
2597978267,postcode,2614JK,addr
2597978267,housenumber,292,addr
2597978318,source,BAG,regular
2597978318,city,Delft,addr
2597978318,street,Van Kinschotstraat,addr
2597978318,date,2014-10-30,source
2597978318,postcode,2614XL,addr
2597978318,housenumber,2A,addr
2597978369,source,BAG,regular
2597978369,city,Den Hoorn,addr
2597978369,street,Bogerd,addr
2597978369,date,2014-10-30,source
2597978369,postcode,2635JX,addr
2597978369,housenumber,3,addr
2597978429,source,BAG,regular
2597978429,city,Den Hoorn,addr
2597978429,street,Hoornsekade,addr
2597978429,date,2014-10-30,source
2597978429,postcode,2635HA,addr
2597978429,housenumber,3,addr
2597978479,source,BAG,regular
2597978479,city,Delft,addr
2597978479,street,Oceaanpad,addr
2597978479,date,2014-10-30,source
2597978479,postcode,2614XA,addr
2597978479,housenumber,3,addr
2597978529,source,BAG,regular
2597978529,city,Delft,addr
2597978529,street,Van der Brugghenstraat,addr
2597978529,date,2014-10-30,source
2597978529,postcode,2613CL,addr
2597978529,housenumber,3,addr
2597978583,source,BAG,regular
2597978583,city,Den Hoorn,addr
2597978583,street,Dijkshoornseweg,addr
2597978583,date,2014-10-30,source
2597978583,postcode,2635EP,addr
2597978583,housenumber,30,addr
2597978650,source,BAG,regular
2597978650,city,Delft,addr
2597978650,street,Piersonstraat,addr
2597978650,date,2014-10-30,source
2597978650,postcode,2613WC,addr
2597978650,housenumber,30,addr
2597978870,source,BAG,regular
2597978870,city,Delft,addr
2597978870,street,Schrobbelaarstraat,addr
2597978870,date,2014-10-30,source
2597978870,postcode,2613ML,addr
2597978870,housenumber,30-I,addr
2597979188,source,BAG,regular
2597979188,city,Delft,addr
2597979188,street,Caspar Fagelstraat,addr
2597979188,date,2014-10-30,source
2597979188,postcode,2613GW,addr
2597979188,housenumber,30H,addr
2597979577,source,BAG,regular
2597979577,city,Delft,addr
2597979577,street,Isaäk Hoornbeekstraat,addr
2597979577,date,2014-10-30,source
2597979577,postcode,2613HG,addr
2597979577,housenumber,31,addr
2597979792,source,BAG,regular
2597979792,city,Delft,addr
2597979792,street,Tuinstraat,addr
2597979792,date,2014-10-30,source
2597979792,postcode,2613RB,addr
2597979792,housenumber,31,addr
2597979844,source,BAG,regular
2597979844,city,Delft,addr
2597979844,street,Cort van der Lindenstraat,addr
2597979844,date,2014-10-30,source
2597979844,postcode,2613LD,addr
2597979844,housenumber,317,addr
2597979894,source,BAG,regular
2597979894,city,Delft,addr
2597979894,street,Justus van Schoonhovenstraat,addr
2597979894,date,2014-10-30,source
2597979894,postcode,2613NZ,addr
2597979894,housenumber,32,addr
2597979946,source,BAG,regular
2597979946,city,Delft,addr
2597979946,street,Van Bossestraat,addr
2597979946,date,2014-10-30,source
2597979946,postcode,2613CR,addr
2597979946,housenumber,32,addr
2597979996,source,BAG,regular
2597979996,city,Delft,addr
2597979996,street,Hugo de Grootstraat,addr
2597979996,date,2014-10-30,source
2597979996,postcode,2613VD,addr
2597979996,housenumber,326,addr
2597980046,source,BAG,regular
2597980046,city,Den Hoorn,addr
2597980046,street,Hoornsekade,addr
2597980046,date,2014-10-30,source
2597980046,postcode,2635HB,addr
2597980046,housenumber,33,addr
2597980099,source,BAG,regular
2597980099,city,Delft,addr
2597980099,street,Van Bossestraat,addr
2597980099,date,2014-10-30,source
2597980099,postcode,2613CN,addr
2597980099,housenumber,33,addr
2597980149,source,BAG,regular
2597980149,city,Delft,addr
2597980149,street,Hugo de Grootstraat,addr
2597980149,date,2014-10-30,source
2597980149,postcode,2613VD,addr
2597980149,housenumber,338,addr
2597980203,source,BAG,regular
2597980203,city,Delft,addr
2597980203,street,Justus van Schoonhovenstraat,addr
2597980203,date,2014-10-30,source
2597980203,postcode,2613NZ,addr
2597980203,housenumber,34,addr
2597980322,source,BAG,regular
2597980322,city,Delft,addr
2597980322,street,Welhoeckstraat,addr
2597980322,date,2014-10-30,source
2597980322,postcode,2613NR,addr
2597980322,housenumber,34,addr
2597980372,source,BAG,regular
2597980372,city,Delft,addr
2597980372,street,Carthuyzerstraat,addr
2597980372,date,2014-10-30,source
2597980372,postcode,2613PA,addr
2597980372,housenumber,35,addr
2597980428,source,BAG,regular
2597980428,city,Delft,addr
2597980428,street,Mackaystraat,addr
2597980428,date,2014-10-30,source
2597980428,postcode,2613WJ,addr
2597980428,housenumber,35,addr
2597980587,source,BAG,regular
2597980587,city,Delft,addr
2597980587,street,Hugo de Grootstraat,addr
2597980587,date,2014-10-30,source
2597980587,postcode,2613VD,addr
2597980587,housenumber,352,addr
2597980736,source,BAG,regular
2597980736,city,Delft,addr
2597980736,street,Hof van Delftlaan,addr
2597980736,date,2014-10-30,source
2597980736,postcode,2613BN,addr
2597980736,housenumber,36,addr
2597980786,source,BAG,regular
2597980786,city,Delft,addr
2597980786,street,Van Tienhovenstraat,addr
2597980786,date,2014-10-30,source
2597980786,postcode,2613XD,addr
2597980786,housenumber,36,addr
2597980885,source,BAG,regular
2597980885,city,Delft,addr
2597980885,street,Carthuyzerstraat,addr
2597980885,date,2014-10-30,source
2597980885,postcode,2613PA,addr
2597980885,housenumber,37,addr
2597980948,source,BAG,regular
2597980948,city,Delft,addr
2597980948,street,Parkzoom,addr
2597980948,date,2014-10-30,source
2597980948,postcode,2614TC,addr
2597980948,housenumber,37,addr
2597981038,source,BAG,regular
2597981038,city,Delft,addr
2597981038,street,Buitenwatersloot,addr
2597981038,date,2014-10-30,source
2597981038,postcode,2613TA,addr
2597981038,housenumber,37A,addr
2597981088,source,BAG,regular
2597981088,city,Delft,addr
2597981088,street,Jan de Wittstraat,addr
2597981088,date,2014-10-30,source
2597981088,postcode,2613TS,addr
2597981088,housenumber,38,addr
2597981139,source,BAG,regular
2597981139,city,Delft,addr
2597981139,street,Westerstraat,addr
2597981139,date,2014-10-30,source
2597981139,postcode,2613RH,addr
2597981139,housenumber,38,addr
2597981315,source,BAG,regular
2597981315,city,Delft,addr
2597981315,street,Hof van Spiegeling,addr
2597981315,date,2014-10-30,source
2597981315,postcode,2614VA,addr
2597981315,housenumber,39,addr
2597981365,source,BAG,regular
2597981365,city,Den Hoorn,addr
2597981365,street,Warmoesland,addr
2597981365,date,2014-10-30,source
2597981365,postcode,2635LB,addr
2597981365,housenumber,39,addr
2597981545,source,BAG,regular
2597981545,city,Delft,addr
2597981545,street,Chirurgijnstraat,addr
2597981545,date,2014-10-30,source
2597981545,postcode,2613ME,addr
2597981545,housenumber,4,addr
2597981595,source,BAG,regular
2597981595,city,Delft,addr
2597981595,street,Hugo de Grootstraat,addr
2597981595,date,2014-10-30,source
2597981595,postcode,2613TV,addr
2597981595,housenumber,4,addr
2597981645,source,BAG,regular
2597981645,city,Delft,addr
2597981645,street,Parkzoom,addr
2597981645,date,2014-10-30,source
2597981645,postcode,2614TG,addr
2597981645,housenumber,4,addr
2597981713,source,BAG,regular
2597981713,city,Delft,addr
2597981713,street,Van der Brugghenstraat,addr
2597981713,date,2014-10-30,source
2597981713,postcode,2613CL,addr
2597981713,housenumber,4,addr
2597981765,source,BAG,regular
2597981765,city,Delft,addr
2597981765,street,Coenderstraat,addr
2597981765,date,2014-10-30,source
2597981765,postcode,2613SN,addr
2597981765,housenumber,40,addr
2597981854,source,BAG,regular
2597981854,city,Delft,addr
2597981854,street,Tak van Poortvlietstraat,addr
2597981854,date,2014-10-30,source
2597981854,postcode,2613WH,addr
2597981854,housenumber,40,addr
2597981904,source,BAG,regular
2597981904,city,Delft,addr
2597981904,street,Eliza Dorusstraat,addr
2597981904,date,2014-10-30,source
2597981904,postcode,2613ED,addr
2597981904,housenumber,41,addr
2597981954,source,BAG,regular
2597981954,city,Delft,addr
2597981954,street,Van der Lelijstraat,addr
2597981954,date,2014-10-30,source
2597981954,postcode,2614EE,addr
2597981954,housenumber,41,addr
2597982004,source,BAG,regular
2597982004,city,Delft,addr
2597982004,street,Hof van Spiegeling,addr
2597982004,date,2014-10-30,source
2597982004,postcode,2614VB,addr
2597982004,housenumber,42,addr
2597982059,source,BAG,regular
2597982059,city,Den Hoorn,addr
2597982059,street,Warmoesland,addr
2597982059,date,2014-10-30,source
2597982059,postcode,2635LC,addr
2597982059,housenumber,42,addr
2597982109,source,BAG,regular
2597982109,city,Den Hoorn,addr
2597982109,street,Hoornsekade,addr
2597982109,date,2014-10-30,source
2597982109,postcode,2635HB,addr
2597982109,housenumber,43,addr
2597982159,source,BAG,regular
2597982159,city,Delft,addr
2597982159,street,Van Bossestraat,addr
2597982159,date,2014-10-30,source
2597982159,postcode,2613CN,addr
2597982159,housenumber,43A,addr
2597982216,source,BAG,regular
2597982216,city,Delft,addr
2597982216,street,Saaiwerkerstraat,addr
2597982216,date,2014-10-30,source
2597982216,postcode,2613MT,addr
2597982216,housenumber,44,addr
2597982520,source,BAG,regular
2597982520,city,Delft,addr
2597982520,street,Fransen van de Puttestraat,addr
2597982520,date,2014-10-30,source
2597982520,postcode,2613CG,addr
2597982520,housenumber,45,addr
2597982595,source,BAG,regular
2597982595,city,Den Hoorn,addr
2597982595,street,Weideland,addr
2597982595,date,2014-10-30,source
2597982595,postcode,2635JR,addr
2597982595,housenumber,45,addr
2597982651,source,BAG,regular
2597982651,city,Den Hoorn,addr
2597982651,street,Prins Willem Alexanderhof,addr
2597982651,date,2014-10-30,source
2597982651,postcode,2635JM,addr
2597982651,housenumber,46,addr
2597982701,source,BAG,regular
2597982701,city,Delft,addr
2597982701,street,Graswinckelstraat,addr
2597982701,date,2014-10-30,source
2597982701,postcode,2613PV,addr
2597982701,housenumber,47,addr
2597982754,source,BAG,regular
2597982754,city,Delft,addr
2597982754,street,Van der Lelijstraat,addr
2597982754,date,2014-10-30,source
2597982754,postcode,2614EE,addr
2597982754,housenumber,47-I,addr
2597982809,source,BAG,regular
2597982809,city,Delft,addr
2597982809,street,Van Almondestraat,addr
2597982809,date,2014-10-30,source
2597982809,postcode,2614EZ,addr
2597982809,housenumber,48,addr
2597982863,source,BAG,regular
2597982863,city,Delft,addr
2597982863,street,Leehoeve,addr
2597982863,date,2014-10-30,source
2597982863,postcode,2614MH,addr
2597982863,housenumber,49,addr
2597983008,source,BAG,regular
2597983008,city,Delft,addr
2597983008,street,Westplantsoen,addr
2597983008,date,2014-10-30,source
2597983008,postcode,2613GL,addr
2597983008,housenumber,4A,addr
2597983172,source,BAG,regular
2597983172,city,Delft,addr
2597983172,street,Florapad,addr
2597983172,date,2014-10-30,source
2597983172,postcode,2614WP,addr
2597983172,housenumber,5,addr
2597983329,source,BAG,regular
2597983329,city,Delft,addr
2597983329,street,Laan van Overvest,addr
2597983329,date,2014-10-30,source
2597983329,postcode,2613DK,addr
2597983329,housenumber,5,addr
2597983379,source,BAG,regular
2597983379,city,Delft,addr
2597983379,street,Ruys de Beerenbrouckplein,addr
2597983379,date,2014-10-30,source
2597983379,postcode,2613AR,addr
2597983379,housenumber,5,addr
2597983616,source,BAG,regular
2597983616,city,Delft,addr
2597983616,street,Winterpad,addr
2597983616,date,2014-10-30,source
2597983616,postcode,2614WE,addr
2597983616,housenumber,5,addr
2597983923,source,BAG,regular
2597983923,city,Delft,addr
2597983923,street,Sasboutstraat,addr
2597983923,date,2014-10-30,source
2597983923,postcode,2614CR,addr
2597983923,housenumber,50,addr
2597984234,source,BAG,regular
2597984234,city,Delft,addr
2597984234,street,Kaarderstraat,addr
2597984234,date,2014-10-30,source
2597984234,postcode,2613MP,addr
2597984234,housenumber,51,addr
2597984526,source,BAG,regular
2597984526,city,Den Hoorn,addr
2597984526,street,Dijkshoornseweg,addr
2597984526,date,2014-10-30,source
2597984526,postcode,2635ER,addr
2597984526,housenumber,52,addr
2597984680,source,BAG,regular
2597984680,city,Delft,addr
2597984680,street,Zuidmade,addr
2597984680,date,2014-10-30,source
2597984680,postcode,2614MB,addr
2597984680,housenumber,52,addr
2597984730,source,BAG,regular
2597984730,city,Delft,addr
2597984730,street,Van Beresteynstraat,addr
2597984730,date,2014-10-30,source
2597984730,postcode,2614EA,addr
2597984730,housenumber,53,addr
2597984782,source,BAG,regular
2597984782,city,Den Hoorn,addr
2597984782,street,Lookwatering,addr
2597984782,date,2014-10-30,source
2597984782,postcode,2635EA,addr
2597984782,housenumber,54,addr
2597984847,source,BAG,regular
2597984847,city,Den Hoorn,addr
2597984847,street,Goudappel,addr
2597984847,date,2014-10-30,source
2597984847,postcode,2635MN,addr
2597984847,housenumber,55,addr
2597985117,source,BAG,regular
2597985117,city,Delft,addr
2597985117,street,Chirurgijnstraat,addr
2597985117,date,2014-10-30,source
2597985117,postcode,2613ME,addr
2597985117,housenumber,56,addr
2597985191,source,BAG,regular
2597985191,city,Delft,addr
2597985191,street,Zuidmade,addr
2597985191,date,2014-10-30,source
2597985191,postcode,2614MB,addr
2597985191,housenumber,56,addr
2597985261,source,BAG,regular
2597985261,city,Den Hoorn,addr
2597985261,street,Weideland,addr
2597985261,date,2014-10-30,source
2597985261,postcode,2635JR,addr
2597985261,housenumber,57,addr
2597985383,source,BAG,regular
2597985383,city,Delft,addr
2597985383,street,Van Kinschotstraat,addr
2597985383,date,2014-10-30,source
2597985383,postcode,2614XM,addr
2597985383,housenumber,58,addr
2597985433,source,BAG,regular
2597985433,city,Delft,addr
2597985433,street,Van Bleyswijckstraat,addr
2597985433,date,2014-10-30,source
2597985433,postcode,2613RR,addr
2597985433,housenumber,59,addr
2597985483,source,BAG,regular
2597985483,city,Delft,addr
2597985483,street,Buitenwatersloot,addr
2597985483,date,2014-10-30,source
2597985483,postcode,2613SR,addr
2597985483,housenumber,6,addr
2597985549,source,BAG,regular
2597985549,city,Delft,addr
2597985549,street,Hoornsestraat,addr
2597985549,date,2014-10-30,source
2597985549,postcode,2613PD,addr
2597985549,housenumber,6,addr
2597985679,source,BAG,regular
2597985679,city,Delft,addr
2597985679,street,Oceaanpad,addr
2597985679,date,2014-10-30,source
2597985679,postcode,2614XA,addr
2597985679,housenumber,6,addr
2597985730,source,BAG,regular
2597985730,city,Delft,addr
2597985730,street,Van Saenredamstraat,addr
2597985730,date,2014-10-30,source
2597985730,postcode,2613NT,addr
2597985730,housenumber,6,addr
2597985782,source,BAG,regular
2597985782,city,Delft,addr
2597985782,street,De Kringloop,addr
2597985782,date,2014-10-30,source
2597985782,postcode,2614WL,addr
2597985782,housenumber,60,addr
2597985832,source,BAG,regular
2597985832,city,Delft,addr
2597985832,street,Adriaan Pauwstraat,addr
2597985832,date,2014-10-30,source
2597985832,postcode,2613CZ,addr
2597985832,housenumber,61,addr
2597985890,source,BAG,regular
2597985890,city,Delft,addr
2597985890,street,Hof van Delftlaan,addr
2597985890,date,2014-10-30,source
2597985890,postcode,2613BK,addr
2597985890,housenumber,61A,addr
2597985946,source,BAG,regular
2597985946,city,Delft,addr
2597985946,street,Zuidmade,addr
2597985946,date,2014-10-30,source
2597985946,postcode,2614MB,addr
2597985946,housenumber,62,addr
2597985996,source,BAG,regular
2597985996,city,Den Hoorn,addr
2597985996,street,Achterdijkshoorn,addr
2597985996,date,2014-10-30,source
2597985996,postcode,2635MK,addr
2597985996,housenumber,64,addr
2597989736,source,BAG,regular
2597989736,city,Delft,addr
2597989736,street,Singelstraat,addr
2597989736,date,2014-10-30,source
2597989736,postcode,2613ER,addr
2597989736,housenumber,64A,addr
2597989787,source,BAG,regular
2597989787,city,Delft,addr
2597989787,street,C. Fockstraat,addr
2597989787,date,2014-10-30,source
2597989787,postcode,2613DH,addr
2597989787,housenumber,66,addr
2597989839,source,BAG,regular
2597989839,city,Delft,addr
2597989839,street,Frank van Borselenstraat,addr
2597989839,date,2014-10-30,source
2597989839,postcode,2613NK,addr
2597989839,housenumber,67,addr
2597989889,source,BAG,regular
2597989889,city,Delft,addr
2597989889,street,Hugo de Grootstraat,addr
2597989889,date,2014-10-30,source
2597989889,postcode,2613TW,addr
2597989889,housenumber,68,addr
2597989939,source,BAG,regular
2597989939,city,Delft,addr
2597989939,street,Paulus Buijsstraat,addr
2597989939,date,2014-10-30,source
2597989939,postcode,2613HM,addr
2597989939,housenumber,69,addr
2597990005,source,BAG,regular
2597990005,city,Delft,addr
2597990005,street,Auroraplein,addr
2597990005,date,2014-10-30,source
2597990005,postcode,2613MR,addr
2597990005,housenumber,7,addr
2597990055,source,BAG,regular
2597990055,city,Delft,addr
2597990055,street,Hof van Smaragd,addr
2597990055,date,2014-10-30,source
2597990055,postcode,2614TN,addr
2597990055,housenumber,7,addr
2597990112,source,BAG,regular
2597990112,city,Delft,addr
2597990112,street,Marie Besstraat,addr
2597990112,date,2014-10-30,source
2597990112,postcode,2614HK,addr
2597990112,housenumber,7,addr
2597990162,source,BAG,regular
2597990162,city,Delft,addr
2597990162,street,Van Beresteynstraat,addr
2597990162,date,2014-10-30,source
2597990162,postcode,2614CW,addr
2597990162,housenumber,7,addr
2597990255,source,BAG,regular
2597990255,city,Delft,addr
2597990255,street,De Kringloop,addr
2597990255,date,2014-10-30,source
2597990255,postcode,2614WL,addr
2597990255,housenumber,70,addr
2597990305,source,BAG,regular
2597990305,city,Delft,addr
2597990305,street,Henry Dunantlaan,addr
2597990305,date,2014-10-30,source
2597990305,postcode,2614GL,addr
2597990305,housenumber,71,addr
2597990355,source,BAG,regular
2597990355,city,Delft,addr
2597990355,street,Laan van Overvest,addr
2597990355,date,2014-10-30,source
2597990355,postcode,2613DN,addr
2597990355,housenumber,72,addr
2597990406,source,BAG,regular
2597990406,city,Delft,addr
2597990406,street,Van der Heimstraat,addr
2597990406,date,2014-10-30,source
2597990406,postcode,2613EA,addr
2597990406,housenumber,73,addr
2597990457,source,BAG,regular
2597990457,city,Delft,addr
2597990457,street,Ricardishof,addr
2597990457,date,2014-10-30,source
2597990457,postcode,2614JE,addr
2597990457,housenumber,74A,addr
2597990507,source,BAG,regular
2597990507,city,Delft,addr
2597990507,street,Hof van Delftlaan,addr
2597990507,date,2014-10-30,source
2597990507,postcode,2613BR,addr
2597990507,housenumber,76,addr
2597990687,source,BAG,regular
2597990687,city,Delft,addr
2597990687,street,Spoorsingel,addr
2597990687,date,2014-10-30,source
2597990687,postcode,2613BB,addr
2597990687,housenumber,77,addr
2597990801,source,BAG,regular
2597990801,city,Delft,addr
2597990801,street,Antonia Veerstraat,addr
2597990801,date,2014-10-30,source
2597990801,postcode,2614HX,addr
2597990801,housenumber,79,addr
2597990851,source,BAG,regular
2597990851,city,Delft,addr
2597990851,street,Ada van Hollandstraat,addr
2597990851,date,2014-10-30,source
2597990851,postcode,2613SK,addr
2597990851,housenumber,8,addr
2597990901,source,BAG,regular
2597990901,city,Delft,addr
2597990901,street,Hof van Delftlaan,addr
2597990901,date,2014-10-30,source
2597990901,postcode,2613BN,addr
2597990901,housenumber,8,addr
2597990957,source,BAG,regular
2597990957,city,Delft,addr
2597990957,street,Loudonstraat,addr
2597990957,date,2014-10-30,source
2597990957,postcode,2613CV,addr
2597990957,housenumber,8,addr
2597991111,source,BAG,regular
2597991111,city,Delft,addr
2597991111,street,Tuinstraat,addr
2597991111,date,2014-10-30,source
2597991111,postcode,2613RC,addr
2597991111,housenumber,8,addr
2597991161,source,BAG,regular
2597991161,city,Den Hoorn,addr
2597991161,street,Bellefleur,addr
2597991161,date,2014-10-30,source
2597991161,postcode,2635ML,addr
2597991161,housenumber,80,addr
2597991212,source,BAG,regular
2597991212,city,Delft,addr
2597991212,street,Hof van Zilverlicht,addr
2597991212,date,2014-10-30,source
2597991212,postcode,2614TV,addr
2597991212,housenumber,81,addr
2597991262,source,BAG,regular
2597991262,city,Delft,addr
2597991262,street,Van Kinschotstraat,addr
2597991262,date,2014-10-30,source
2597991262,postcode,2614XN,addr
2597991262,housenumber,82,addr
2597991315,source,BAG,regular
2597991315,city,Den Hoorn,addr
2597991315,street,Dijkshoornseweg,addr
2597991315,date,2014-10-30,source
2597991315,postcode,2635ES,addr
2597991315,housenumber,84,addr
2597991386,source,BAG,regular
2597991386,city,Delft,addr
2597991386,street,Van Beresteynstraat,addr
2597991386,date,2014-10-30,source
2597991386,postcode,2614EB,addr
2597991386,housenumber,85,addr
2597991436,source,BAG,regular
2597991436,city,Den Hoorn,addr
2597991436,street,Dijkshoornseweg,addr
2597991436,date,2014-10-30,source
2597991436,postcode,2635EM,addr
2597991436,housenumber,87,addr
2597991522,source,BAG,regular
2597991522,city,Delft,addr
2597991522,street,Van Beresteynstraat,addr
2597991522,date,2014-10-30,source
2597991522,postcode,2614EB,addr
2597991522,housenumber,88,addr
2597991572,source,BAG,regular
2597991572,city,Delft,addr
2597991572,street,Van Blommesteinstraat,addr
2597991572,date,2014-10-30,source
2597991572,postcode,2614ER,addr
2597991572,housenumber,8A,addr
2597991622,source,BAG,regular
2597991622,city,Delft,addr
2597991622,street,Breedkapper,addr
2597991622,date,2014-10-30,source
2597991622,postcode,2614SX,addr
2597991622,housenumber,9,addr
2597991672,source,BAG,regular
2597991672,city,Delft,addr
2597991672,street,Hugo de Grootplein,addr
2597991672,date,2014-10-30,source
2597991672,postcode,2613VL,addr
2597991672,housenumber,9,addr
2597991722,source,BAG,regular
2597991722,city,Den Hoorn,addr
2597991722,street,Oranje-Nassauplein,addr
2597991722,date,2014-10-30,source
2597991722,postcode,2635HX,addr
2597991722,housenumber,9,addr
2597991775,source,BAG,regular
2597991775,city,Delft,addr
2597991775,street,Van de Spiegelstraat,addr
2597991775,date,2014-10-30,source
2597991775,postcode,2613EX,addr
2597991775,housenumber,9,addr
2597991833,source,BAG,regular
2597991833,city,Delft,addr
2597991833,street,Van Almondestraat,addr
2597991833,date,2014-10-30,source
2597991833,postcode,2614GA,addr
2597991833,housenumber,90,addr
2597991949,source,BAG,regular
2597991949,city,Den Hoorn,addr
2597991949,street,Goudappel,addr
2597991949,date,2014-10-30,source
2597991949,postcode,2635MN,addr
2597991949,housenumber,92,addr
2597992025,source,BAG,regular
2597992025,city,Den Hoorn,addr
2597992025,street,Weideland,addr
2597992025,date,2014-10-30,source
2597992025,postcode,2635JS,addr
2597992025,housenumber,93,addr
2597992124,source,BAG,regular
2597992124,city,Delft,addr
2597992124,street,C. Fockstraat,addr
2597992124,date,2014-10-30,source
2597992124,postcode,2613DD,addr
2597992124,housenumber,95,addr
2597992368,source,BAG,regular
2597992368,city,Den Hoorn,addr
2597992368,street,Zwanebloem,addr
2597992368,date,2014-10-30,source
2597992368,postcode,2635KJ,addr
2597992368,housenumber,96,addr
2597992474,source,BAG,regular
2597992474,city,Delft,addr
2597992474,street,Cort van der Lindenstraat,addr
2597992474,date,2014-10-30,source
2597992474,postcode,2613WV,addr
2597992474,housenumber,99,addr
2599505740,name,De Flits Microtheater,regular
2599505740,source,BAG;survey,regular
2599505740,amenity,theatre,regular
2599505740,website,http://www.deflits.nl,regular
2599505740,city,Delft,addr
2599505740,street,Kerkstraat,addr
2599505740,date,2014-10-30,source
2599505740,country,NL,addr
2599505740,postcode,2611GX,addr
2599505740,housenumber,19,addr
2599505799,source,BAG,regular
2599505799,city,Delft,addr
2599505799,street,Hopstraat,addr
2599505799,date,2014-10-30,source
2599505799,postcode,2611TA,addr
2599505799,housenumber,1,addr
2599505849,source,BAG,regular
2599505849,city,Delft,addr
2599505849,street,Ursulaplaats,addr
2599505849,date,2014-10-30,source
2599505849,postcode,2611SG,addr
2599505849,housenumber,1,addr
2599505901,source,BAG,regular
2599505901,city,Delft,addr
2599505901,street,Klooster,addr
2599505901,date,2014-10-30,source
2599505901,postcode,2611RW,addr
2599505901,housenumber,10,addr
2599505951,source,BAG,regular
2599505951,city,Delft,addr
2599505951,street,Zuidwal,addr
2599505951,date,2014-10-30,source
2599505951,postcode,2611MZ,addr
2599505951,housenumber,10,addr
2599506001,source,BAG,regular
2599506001,city,Delft,addr
2599506001,street,Molslaan,addr
2599506001,date,2014-10-30,source
2599506001,postcode,2611RP,addr
2599506001,housenumber,102,addr
2599506051,source,BAG,regular
2599506051,city,Delft,addr
2599506051,street,Buitenboogerd,addr
2599506051,date,2014-10-30,source
2599506051,postcode,2611WS,addr
2599506051,housenumber,105,addr
2599506101,source,BAG,regular
2599506101,city,Delft,addr
2599506101,street,Noordeinde,addr
2599506101,date,2014-10-30,source
2599506101,postcode,2611WV,addr
2599506101,housenumber,108,addr
2599506152,source,BAG,regular
2599506152,city,Delft,addr
2599506152,street,Drie Akersstraat,addr
2599506152,date,2014-10-30,source
2599506152,postcode,2611JR,addr
2599506152,housenumber,11,addr
2599506202,source,BAG,regular
2599506202,city,Delft,addr
2599506202,street,Pynepoort,addr
2599506202,date,2014-10-30,source
2599506202,postcode,2611MD,addr
2599506202,housenumber,11,addr
2599506253,name,l'Famiglia,regular
2599506253,source,BAG,regular
2599506253,amenity,restaurant,regular
2599506253,cuisine,pizza,regular
2599506253,city,Delft,addr
2599506253,street,Oude Delft,addr
2599506253,date,2014-10-30,source
2599506253,country,NL,addr
2599506253,postcode,2611BE,addr
2599506253,housenumber,111,addr
2599506312,source,BAG,regular
2599506312,city,Delft,addr
2599506312,street,Achterom,addr
2599506312,date,2014-10-30,source
2599506312,postcode,2611PM,addr
2599506312,housenumber,115,addr
2599506527,source,BAG,regular
2599506527,city,Delft,addr
2599506527,street,Zusterlaan,addr
2599506527,date,2014-10-30,source
2599506527,postcode,2611MP,addr
2599506527,housenumber,118,addr
2599506646,source,BAG,regular
2599506646,city,Delft,addr
2599506646,street,Anna Boogerd,addr
2599506646,date,2014-10-30,source
2599506646,postcode,2611VZ,addr
2599506646,housenumber,12,addr
2599506696,source,BAG,regular
2599506696,city,Delft,addr
2599506696,street,Oostpoort,addr
2599506696,date,2014-10-30,source
2599506696,postcode,2611RZ,addr
2599506696,housenumber,12,addr
2599506746,source,BAG,regular
2599506746,city,Delft,addr
2599506746,street,Doelenstraat,addr
2599506746,date,2014-10-30,source
2599506746,postcode,2611NS,addr
2599506746,housenumber,121,addr
2599506802,source,BAG,regular
2599506802,city,Delft,addr
2599506802,street,Rietveld,addr
2599506802,date,2014-10-30,source
2599506802,postcode,2611LP,addr
2599506802,housenumber,124,addr
2599506852,source,BAG,regular
2599506852,city,Delft,addr
2599506852,street,Oostplantsoen,addr
2599506852,date,2014-10-30,source
2599506852,postcode,2611WN,addr
2599506852,housenumber,128,addr
2599506945,source,BAG,regular
2599506945,city,Delft,addr
2599506945,street,Coomansstraat,addr
2599506945,date,2014-10-30,source
2599506945,postcode,2611CW,addr
2599506945,housenumber,13,addr
2599506995,source,BAG,regular
2599506995,city,Delft,addr
2599506995,street,Spieringstraat,addr
2599506995,date,2014-10-30,source
2599506995,postcode,2611SC,addr
2599506995,housenumber,13,addr
2599507045,source,BAG,regular
2599507045,city,Delft,addr
2599507045,street,Oude Delft,addr
2599507045,date,2014-10-30,source
2599507045,postcode,2611CG,addr
2599507045,housenumber,132,addr
2599507140,source,BAG,regular
2599507140,city,Delft,addr
2599507140,street,Bastiaansplein,addr
2599507140,date,2014-10-30,source
2599507140,postcode,2611DC,addr
2599507140,housenumber,137,addr
2599507247,source,BAG,regular
2599507247,city,Delft,addr
2599507247,street,Brabantse Turfmarkt,addr
2599507247,date,2014-10-30,source
2599507247,postcode,2611CL,addr
2599507247,housenumber,13G,addr
2599507305,source,BAG,regular
2599507305,city,Delft,addr
2599507305,street,Markt,addr
2599507305,date,2014-10-30,source
2599507305,postcode,2611GT,addr
2599507305,housenumber,14,addr
2599507355,source,BAG,regular
2599507355,city,Delft,addr
2599507355,street,Raam,addr
2599507355,date,2014-10-30,source
2599507355,postcode,2611WP,addr
2599507355,housenumber,140,addr
2599507405,source,BAG,regular
2599507405,city,Delft,addr
2599507405,street,Nieuwelaan,addr
2599507405,date,2014-10-30,source
2599507405,postcode,2611SB,addr
2599507405,housenumber,146,addr
2599507455,source,BAG,regular
2599507455,city,Delft,addr
2599507455,street,Burgwal,addr
2599507455,date,2014-10-30,source
2599507455,postcode,2611GE,addr
2599507455,housenumber,15,addr
2599507505,source,BAG,regular
2599507505,city,Delft,addr
2599507505,street,Papenstraat,addr
2599507505,date,2014-10-30,source
2599507505,postcode,2611JB,addr
2599507505,housenumber,15,addr
2599507557,source,BAG,regular
2599507557,city,Delft,addr
2599507557,street,Raam,addr
2599507557,date,2014-10-30,source
2599507557,postcode,2611WP,addr
2599507557,housenumber,152,addr
2599507607,source,BAG,regular
2599507607,city,Delft,addr
2599507607,street,Oude Delft,addr
2599507607,date,2014-10-30,source
2599507607,postcode,2611HA,addr
2599507607,housenumber,157,addr
2599507736,source,BAG,regular
2599507736,city,Delft,addr
2599507736,street,Clarenstraat,addr
2599507736,date,2014-10-30,source
2599507736,postcode,2611RD,addr
2599507736,housenumber,15M,addr
2599507819,source,BAG,regular
2599507819,city,Delft,addr
2599507819,street,Oosterstraat,addr
2599507819,date,2014-10-30,source
2599507819,postcode,2611TW,addr
2599507819,housenumber,16,addr
2599508009,source,BAG,regular
2599508009,city,Delft,addr
2599508009,street,Molslaan,addr
2599508009,date,2014-10-30,source
2599508009,postcode,2611CZ,addr
2599508009,housenumber,162,addr
2599508059,source,BAG,regular
2599508059,city,Delft,addr
2599508059,street,Verwersdijk,addr
2599508059,date,2014-10-30,source
2599508059,postcode,2611NN,addr
2599508059,housenumber,168A,addr
2599508144,source,BAG,regular
2599508144,city,Delft,addr
2599508144,street,Koornmarkt,addr
2599508144,date,2014-10-30,source
2599508144,postcode,2611EA,addr
2599508144,housenumber,17,addr
2599508194,source,BAG,regular
2599508194,city,Delft,addr
2599508194,street,Oosteinde,addr
2599508194,date,2014-10-30,source
2599508194,postcode,2611SR,addr
2599508194,housenumber,170,addr
2599508263,source,BAG,regular
2599508263,city,Delft,addr
2599508263,street,Oude Delft,addr
2599508263,date,2014-10-30,source
2599508263,postcode,2611HH,addr
2599508263,housenumber,176,addr
2599508314,source,BAG,regular
2599508314,city,Delft,addr
2599508314,street,De Vlouw,addr
2599508314,date,2014-10-30,source
2599508314,postcode,2611EZ,addr
2599508314,housenumber,18,addr
2599508365,source,BAG,regular
2599508365,city,Delft,addr
2599508365,street,Schoolstraat,addr
2599508365,date,2014-10-30,source
2599508365,postcode,2611HS,addr
2599508365,housenumber,18,addr
2599508415,source,BAG,regular
2599508415,city,Delft,addr
2599508415,street,Rietveld,addr
2599508415,date,2014-10-30,source
2599508415,postcode,2611LP,addr
2599508415,housenumber,184,addr
2599508466,source,BAG,regular
2599508466,city,Delft,addr
2599508466,street,Buitenboogerd,addr
2599508466,date,2014-10-30,source
2599508466,postcode,2611WR,addr
2599508466,housenumber,19,addr
2599508517,source,BAG,regular
2599508517,city,Delft,addr
2599508517,street,Schuttersveld,addr
2599508517,date,2014-10-30,source
2599508517,postcode,2611WE,addr
2599508517,housenumber,19,addr
2599508567,source,BAG,regular
2599508567,city,Delft,addr
2599508567,street,Westvest,addr
2599508567,date,2014-10-30,source
2599508567,postcode,2611BZ,addr
2599508567,housenumber,197,addr
2599508619,source,BAG,regular
2599508619,city,Delft,addr
2599508619,street,Markt,addr
2599508619,date,2014-10-30,source
2599508619,postcode,2611GP,addr
2599508619,housenumber,1B,addr
2599508703,source,BAG,regular
2599508703,city,Delft,addr
2599508703,street,Geerweg,addr
2599508703,date,2014-10-30,source
2599508703,postcode,2611VN,addr
2599508703,housenumber,2,addr
2599508755,source,BAG,regular
2599508755,city,Delft,addr
2599508755,street,Vesteplein,addr
2599508755,date,2014-10-30,source
2599508755,postcode,2611WG,addr
2599508755,housenumber,2,addr
2599508829,source,BAG,regular
2599508829,city,Delft,addr
2599508829,street,Oost-Indiëplaats,addr
2599508829,date,2014-10-30,source
2599508829,postcode,2611BS,addr
2599508829,housenumber,20,addr
2599508880,source,BAG,regular
2599508880,city,Delft,addr
2599508880,street,Gasthuislaan,addr
2599508880,date,2014-10-30,source
2599508880,postcode,2611PZ,addr
2599508880,housenumber,203,addr
2599508930,source,BAG,regular
2599508930,city,Delft,addr
2599508930,street,Binnenwatersloot,addr
2599508930,date,2014-10-30,source
2599508930,postcode,2611BK,addr
2599508930,housenumber,20C,addr
2599509101,source,BAG,regular
2599509101,city,Delft,addr
2599509101,street,Kloksteeg,addr
2599509101,date,2014-10-30,source
2599509101,postcode,2611BL,addr
2599509101,housenumber,21,addr
2599509209,source,BAG,regular
2599509209,city,Delft,addr
2599509209,street,Oosteinde,addr
2599509209,date,2014-10-30,source
2599509209,postcode,2611VE,addr
2599509209,housenumber,211,addr
2599509260,source,BAG,regular
2599509260,city,Delft,addr
2599509260,street,Oude Delft,addr
2599509260,date,2014-10-30,source
2599509260,postcode,2611BB,addr
2599509260,housenumber,21B,addr
2599509310,source,BAG,regular
2599509310,city,Delft,addr
2599509310,street,Oosterstraat,addr
2599509310,date,2014-10-30,source
2599509310,postcode,2611TW,addr
2599509310,housenumber,22,addr
2599509404,source,BAG,regular
2599509404,city,Delft,addr
2599509404,street,Rietveld,addr
2599509404,date,2014-10-30,source
2599509404,postcode,2611LR,addr
2599509404,housenumber,224,addr
2599509455,source,BAG,regular
2599509455,city,Delft,addr
2599509455,street,Bagijnhof,addr
2599509455,date,2014-10-30,source
2599509455,postcode,2611AN,addr
2599509455,housenumber,23,addr
2599509505,source,BAG,regular
2599509505,city,Delft,addr
2599509505,street,Spieringstraat,addr
2599509505,date,2014-10-30,source
2599509505,postcode,2611SC,addr
2599509505,housenumber,23,addr
2599509614,source,BAG,regular
2599509614,city,Delft,addr
2599509614,street,Gasthuislaan,addr
2599509614,date,2014-10-30,source
2599509614,postcode,2611PZ,addr
2599509614,housenumber,237,addr
2599509804,source,BAG,regular
2599509804,city,Delft,addr
2599509804,street,Doelenstraat,addr
2599509804,date,2014-10-30,source
2599509804,postcode,2611NT,addr
2599509804,housenumber,24,addr
2599509987,source,BAG,regular
2599509987,city,Delft,addr
2599509987,street,Wateringsevest,addr
2599509987,date,2014-10-30,source
2599509987,postcode,2611AW,addr
2599509987,housenumber,24,addr
2599510046,source,BAG,regular
2599510046,city,Delft,addr
2599510046,street,Koornmarkt,addr
2599510046,date,2014-10-30,source
2599510046,postcode,2611EG,addr
2599510046,housenumber,24A,addr
2599510097,source,BAG,regular
2599510097,city,Delft,addr
2599510097,street,Paradijspoort,addr
2599510097,date,2014-10-30,source
2599510097,postcode,2611MA,addr
2599510097,housenumber,25,addr
2599510147,source,BAG,regular
2599510147,city,Delft,addr
2599510147,street,Zuiderstraat,addr
2599510147,date,2014-10-30,source
2599510147,postcode,2611SL,addr
2599510147,housenumber,258,addr
2599510228,source,BAG,regular
2599510228,city,Delft,addr
2599510228,street,Lange Geer,addr
2599510228,date,2014-10-30,source
2599510228,postcode,2611PV,addr
2599510228,housenumber,26,addr
2599510358,source,BAG,regular
2599510358,city,Delft,addr
2599510358,street,Westvest,addr
2599510358,date,2014-10-30,source
2599510358,postcode,2611BX,addr
2599510358,housenumber,265,addr
2599510456,source,BAG,regular
2599510456,city,Delft,addr
2599510456,street,Molstraat,addr
2599510456,date,2014-10-30,source
2599510456,postcode,2611EM,addr
2599510456,housenumber,27,addr
2599510506,source,BAG,regular
2599510506,city,Delft,addr
2599510506,street,Achterom,addr
2599510506,date,2014-10-30,source
2599510506,postcode,2611PP,addr
2599510506,housenumber,28,addr
2599510558,source,BAG,regular
2599510558,city,Delft,addr
2599510558,street,Trompetstraat,addr
2599510558,date,2014-10-30,source
2599510558,postcode,2611KN,addr
2599510558,housenumber,28,addr
2599510625,source,BAG,regular
2599510625,city,Delft,addr
2599510625,street,Doelenstraat,addr
2599510625,date,2014-10-30,source
2599510625,postcode,2611NR,addr
2599510625,housenumber,29,addr
2599510689,source,BAG,regular
2599510689,city,Delft,addr
2599510689,street,Clarenstraat,addr
2599510689,date,2014-10-30,source
2599510689,postcode,2611RD,addr
2599510689,housenumber,29A,addr
2599510739,source,BAG,regular
2599510739,city,Delft,addr
2599510739,street,Anna Boogerd,addr
2599510739,date,2014-10-30,source
2599510739,postcode,2611VZ,addr
2599510739,housenumber,3,addr
2599510790,source,BAG,regular
2599510790,city,Delft,addr
2599510790,street,Molstraat,addr
2599510790,date,2014-10-30,source
2599510790,postcode,2611EM,addr
2599510790,housenumber,3,addr
2599510842,source,BAG,regular
2599510842,city,Delft,addr
2599510842,street,Brabantse Turfmarkt,addr
2599510842,date,2014-10-30,source
2599510842,postcode,2611CN,addr
2599510842,housenumber,30,addr
2599510892,source,BAG,regular
2599510892,city,Delft,addr
2599510892,street,Vesteplein,addr
2599510892,date,2014-10-30,source
2599510892,postcode,2611WG,addr
2599510892,housenumber,30,addr
2599511163,source,BAG,regular
2599511163,city,Delft,addr
2599511163,street,Minderbroerstraat,addr
2599511163,date,2014-10-30,source
2599511163,postcode,2611MV,addr
2599511163,housenumber,31,addr
2599511282,source,BAG,regular
2599511282,city,Delft,addr
2599511282,street,Bastiaanpoort,addr
2599511282,date,2014-10-30,source
2599511282,postcode,2611MC,addr
2599511282,housenumber,32,addr
2599511332,source,BAG,regular
2599511332,city,Delft,addr
2599511332,street,Vlamingstraat,addr
2599511332,date,2014-10-30,source
2599511332,postcode,2611KX,addr
2599511332,housenumber,32,addr
2599511407,source,BAG,regular
2599511407,city,Delft,addr
2599511407,street,Maria van Reigersberchstraat,addr
2599511407,date,2014-10-30,source
2599511407,postcode,2611GM,addr
2599511407,housenumber,33,addr
2599511467,source,BAG,regular
2599511467,city,Delft,addr
2599511467,street,Burgwal,addr
2599511467,date,2014-10-30,source
2599511467,postcode,2611GJ,addr
2599511467,housenumber,34,addr
2599511518,source,BAG,regular
2599511518,city,Delft,addr
2599511518,street,Zusterlaan,addr
2599511518,date,2014-10-30,source
2599511518,postcode,2611MN,addr
2599511518,housenumber,34,addr
2599511573,source,BAG,regular
2599511573,city,Delft,addr
2599511573,street,Noordeinde,addr
2599511573,date,2014-10-30,source
2599511573,postcode,2611KG,addr
2599511573,housenumber,35,addr
2599511623,source,BAG,regular
2599511623,city,Delft,addr
2599511623,street,Brabantse Turfmarkt,addr
2599511623,date,2014-10-30,source
2599511623,postcode,2611CN,addr
2599511623,housenumber,36,addr
2599511673,source,BAG,regular
2599511673,city,Delft,addr
2599511673,street,Zuidwal,addr
2599511673,date,2014-10-30,source
2599511673,postcode,2611DD,addr
2599511673,housenumber,36,addr
2599511723,source,BAG,regular
2599511723,city,Delft,addr
2599511723,street,Minderbroerstraat,addr
2599511723,date,2014-10-30,source
2599511723,postcode,2611MV,addr
2599511723,housenumber,37,addr
2599511778,source,BAG,regular
2599511778,city,Delft,addr
2599511778,street,Bagijnhof,addr
2599511778,date,2014-10-30,source
2599511778,postcode,2611AP,addr
2599511778,housenumber,38,addr
2599511875,source,BAG,regular
2599511875,city,Delft,addr
2599511875,street,Oude Delft,addr
2599511875,date,2014-10-30,source
2599511875,postcode,2611CD,addr
2599511875,housenumber,38A,addr
2599512009,source,BAG,regular
2599512009,city,Delft,addr
2599512009,street,Raam,addr
2599512009,date,2014-10-30,source
2599512009,postcode,2611LS,addr
2599512009,housenumber,39,addr
2599512059,source,BAG,regular
2599512059,city,Delft,addr
2599512059,street,Koornmarkt,addr
2599512059,date,2014-10-30,source
2599512059,postcode,2611EA,addr
2599512059,housenumber,3B,addr
2599512115,source,BAG,regular
2599512115,city,Delft,addr
2599512115,street,Kolk,addr
2599512115,date,2014-10-30,source
2599512115,postcode,2611KD,addr
2599512115,housenumber,4,addr
2599512166,source,BAG,regular
2599512166,city,Delft,addr
2599512166,street,Achterom,addr
2599512166,date,2014-10-30,source
2599512166,postcode,2611PR,addr
2599512166,housenumber,40,addr
2599512216,source,BAG,regular
2599512216,city,Delft,addr
2599512216,street,Vlamingstraat,addr
2599512216,date,2014-10-30,source
2599512216,postcode,2611KX,addr
2599512216,housenumber,40A,addr
2599512266,source,BAG,regular
2599512266,city,Delft,addr
2599512266,street,Choorstraat,addr
2599512266,date,2014-10-30,source
2599512266,postcode,2611JE,addr
2599512266,housenumber,41A,addr
2599512317,source,BAG,regular
2599512317,city,Delft,addr
2599512317,street,Vlamingstraat,addr
2599512317,date,2014-10-30,source
2599512317,postcode,2611KX,addr
2599512317,housenumber,42,addr
2599512367,source,BAG,regular
2599512367,city,Delft,addr
2599512367,street,Verwersdijk,addr
2599512367,date,2014-10-30,source
2599512367,postcode,2611ND,addr
2599512367,housenumber,43,addr
2599512418,source,BAG,regular
2599512418,city,Delft,addr
2599512418,street,Noordeinde,addr
2599512418,date,2014-10-30,source
2599512418,postcode,2611KJ,addr
2599512418,housenumber,44,addr
2599512709,source,BAG,regular
2599512709,city,Delft,addr
2599512709,street,Oranjestraat,addr
2599512709,date,2014-10-30,source
2599512709,postcode,2611SX,addr
2599512709,housenumber,45,addr
2599512850,source,BAG,regular
2599512850,city,Delft,addr
2599512850,street,Phoenixstraat,addr
2599512850,date,2014-10-30,source
2599512850,postcode,2611AL,addr
2599512850,housenumber,46,addr
2599513039,source,BAG,regular
2599513039,city,Delft,addr
2599513039,street,Vrouwjuttenland,addr
2599513039,date,2014-10-30,source
2599513039,postcode,2611LB,addr
2599513039,housenumber,47,addr
2599513116,source,BAG,regular
2599513116,city,Delft,addr
2599513116,street,Oude Delft,addr
2599513116,date,2014-10-30,source
2599513116,postcode,2611CD,addr
2599513116,housenumber,48A,addr
2599513169,source,BAG,regular
2599513169,city,Delft,addr
2599513169,street,Oranje Plantage,addr
2599513169,date,2014-10-30,source
2599513169,postcode,2611TL,addr
2599513169,housenumber,49,addr
2599513220,source,BAG,regular
2599513220,city,Delft,addr
2599513220,street,Broerhuisstraat,addr
2599513220,date,2014-10-30,source
2599513220,postcode,2611GD,addr
2599513220,housenumber,5,addr
2599513270,source,BAG,regular
2599513270,city,Delft,addr
2599513270,street,Oosteinde,addr
2599513270,date,2014-10-30,source
2599513270,postcode,2611VA,addr
2599513270,housenumber,5,addr
2599513371,source,BAG,regular
2599513371,city,Delft,addr
2599513371,street,Harmenkokslaan,addr
2599513371,date,2014-10-30,source
2599513371,postcode,2611TS,addr
2599513371,housenumber,50,addr
2599513441,source,BAG,regular
2599513441,city,Delft,addr
2599513441,street,Nieuwe Langendijk,addr
2599513441,date,2014-10-30,source
2599513441,postcode,2611VJ,addr
2599513441,housenumber,51,addr
2599513492,source,BAG,regular
2599513492,city,Delft,addr
2599513492,street,Oosterstraat,addr
2599513492,date,2014-10-30,source
2599513492,postcode,2611TX,addr
2599513492,housenumber,52,addr
2599513542,source,BAG,regular
2599513542,city,Delft,addr
2599513542,street,Voorstraat,addr
2599513542,date,2014-10-30,source
2599513542,postcode,2611JL,addr
2599513542,housenumber,53,addr
2599513593,source,BAG,regular
2599513593,city,Delft,addr
2599513593,street,Gashouderpad,addr
2599513593,date,2014-10-30,source
2599513593,postcode,2611MT,addr
2599513593,housenumber,55,addr
2599513643,source,BAG,regular
2599513643,city,Delft,addr
2599513643,street,Nieuwe Plantage,addr
2599513643,date,2014-10-30,source
2599513643,postcode,2611XK,addr
2599513643,housenumber,56,addr
2599513711,source,BAG,regular
2599513711,city,Delft,addr
2599513711,street,Vlamingstraat,addr
2599513711,date,2014-10-30,source
2599513711,postcode,2611KS,addr
2599513711,housenumber,57,addr
2599513762,shop,vacant,regular
2599513762,source,BAG,regular
2599513762,city,Delft,addr
2599513762,street,Brabantse Turfmarkt,addr
2599513762,date,2014-10-30,source
2599513762,postcode,2611CM,addr
2599513762,housenumber,59,addr
2599513991,source,BAG,regular
2599513991,city,Delft,addr
2599513991,street,Bagijnhof,addr
2599513991,date,2014-10-30,source
2599513991,postcode,2611AP,addr
2599513991,housenumber,6,addr
2599514232,source,BAG,regular
2599514232,city,Delft,addr
2599514232,street,Oosteinde,addr
2599514232,date,2014-10-30,source
2599514232,postcode,2611SN,addr
2599514232,housenumber,6,addr
2599514552,source,BAG,regular
2599514552,city,Delft,addr
2599514552,street,Geerweg,addr
2599514552,date,2014-10-30,source
2599514552,postcode,2611VR,addr
2599514552,housenumber,60,addr
2599514611,source,BAG,regular
2599514611,city,Delft,addr
2599514611,street,Trompetstraat,addr
2599514611,date,2014-10-30,source
2599514611,postcode,2611KM,addr
2599514611,housenumber,61,addr
2599514724,source,BAG,regular
2599514724,city,Delft,addr
2599514724,street,Doelenstraat,addr
2599514724,date,2014-10-30,source
2599514724,postcode,2611NS,addr
2599514724,housenumber,63,addr
2599514967,source,BAG,regular
2599514967,city,Delft,addr
2599514967,street,Oosterstraat,addr
2599514967,date,2014-10-30,source
2599514967,postcode,2611TX,addr
2599514967,housenumber,64,addr
2599515263,source,BAG,regular
2599515263,city,Delft,addr
2599515263,street,De Vlouw,addr
2599515263,date,2014-10-30,source
2599515263,postcode,2611EZ,addr
2599515263,housenumber,66,addr
2599515421,source,BAG,regular
2599515421,city,Delft,addr
2599515421,street,Nieuwe Langendijk,addr
2599515421,date,2014-10-30,source
2599515421,postcode,2611VJ,addr
2599515421,housenumber,67,addr
2599515715,source,BAG,regular
2599515715,city,Delft,addr
2599515715,street,Doelenstraat,addr
2599515715,date,2014-10-30,source
2599515715,postcode,2611NS,addr
2599515715,housenumber,69,addr
2599515856,source,BAG,regular
2599515856,city,Delft,addr
2599515856,street,Smitsteeg,addr
2599515856,date,2014-10-30,source
2599515856,postcode,2611BH,addr
2599515856,housenumber,6B,addr
2599515996,source,BAG,regular
2599515996,city,Delft,addr
2599515996,street,Oostplantsoen,addr
2599515996,date,2014-10-30,source
2599515996,postcode,2611PG,addr
2599515996,housenumber,7,addr
2599516057,source,BAG,regular
2599516057,city,Delft,addr
2599516057,street,Noordeinde,addr
2599516057,date,2014-10-30,source
2599516057,postcode,2611WT,addr
2599516057,housenumber,70,addr
2599516107,source,BAG,regular
2599516107,city,Delft,addr
2599516107,street,Anna Boogerd,addr
2599516107,date,2014-10-30,source
2599516107,postcode,2611XC,addr
2599516107,housenumber,72,addr
2599516157,source,BAG,regular
2599516157,city,Delft,addr
2599516157,street,Papenstraat,addr
2599516157,date,2014-10-30,source
2599516157,postcode,2611JB,addr
2599516157,housenumber,73,addr
2599516207,source,BAG,regular
2599516207,city,Delft,addr
2599516207,street,Kantoorgracht,addr
2599516207,date,2014-10-30,source
2599516207,postcode,2611PE,addr
2599516207,housenumber,74R,addr
2599516377,source,BAG,regular
2599516377,city,Delft,addr
2599516377,street,Oude Delft,addr
2599516377,date,2014-10-30,source
2599516377,postcode,2611BC,addr
2599516377,housenumber,75K,addr
2599516554,source,BAG,regular
2599516554,city,Delft,addr
2599516554,street,Oost-Indiëplaats,addr
2599516554,date,2014-10-30,source
2599516554,postcode,2611BT,addr
2599516554,housenumber,77,addr
2599516609,source,BAG,regular
2599516609,city,Delft,addr
2599516609,street,Maria van Reigersberchstraat,addr
2599516609,date,2014-10-30,source
2599516609,postcode,2611GN,addr
2599516609,housenumber,79,addr
2599516724,source,BAG,regular
2599516724,city,Delft,addr
2599516724,street,Doelenstraat,addr
2599516724,date,2014-10-30,source
2599516724,postcode,2611NT,addr
2599516724,housenumber,8,addr
2599516777,source,BAG,regular
2599516777,city,Delft,addr
2599516777,street,Smitsteeg,addr
2599516777,date,2014-10-30,source
2599516777,postcode,2611BH,addr
2599516777,housenumber,8,addr
2599516828,source,BAG,regular
2599516828,city,Delft,addr
2599516828,street,Ezelsveldlaan,addr
2599516828,date,2014-10-30,source
2599516828,postcode,2611RV,addr
2599516828,housenumber,81,addr
2599517029,source,BAG,regular
2599517029,city,Delft,addr
2599517029,street,Trompetstraat,addr
2599517029,date,2014-10-30,source
2599517029,postcode,2611KP,addr
2599517029,housenumber,82,addr
2599517146,source,BAG,regular
2599517146,city,Delft,addr
2599517146,street,Brabantse Turfmarkt,addr
2599517146,date,2014-10-30,source
2599517146,postcode,2611CM,addr
2599517146,housenumber,85,addr
2599517400,source,BAG,regular
2599517400,city,Delft,addr
2599517400,street,Buitenboogerd,addr
2599517400,date,2014-10-30,source
2599517400,postcode,2611WS,addr
2599517400,housenumber,87,addr
2599517492,source,BAG,regular
2599517492,city,Delft,addr
2599517492,street,Vlamingstraat,addr
2599517492,date,2014-10-30,source
2599517492,postcode,2611LA,addr
2599517492,housenumber,88A,addr
2599517593,source,BAG,regular
2599517593,city,Delft,addr
2599517593,street,Verwersdijk,addr
2599517593,date,2014-10-30,source
2599517593,postcode,2611NH,addr
2599517593,housenumber,8A,addr
2599517643,source,BAG,regular
2599517643,city,Delft,addr
2599517643,street,Gashouderpad,addr
2599517643,date,2014-10-30,source
2599517643,postcode,2611MS,addr
2599517643,housenumber,9,addr
2599517693,source,BAG,regular
2599517693,city,Delft,addr
2599517693,street,Spieringstraat,addr
2599517693,date,2014-10-30,source
2599517693,postcode,2611SC,addr
2599517693,housenumber,9,addr
2599517750,source,BAG,regular
2599517750,city,Delft,addr
2599517750,street,Oude Delft,addr
2599517750,date,2014-10-30,source
2599517750,postcode,2611BD,addr
2599517750,housenumber,91,addr
2599517814,source,BAG,regular
2599517814,city,Delft,addr
2599517814,street,Bastiaansplein,addr
2599517814,date,2014-10-30,source
2599517814,postcode,2611DC,addr
2599517814,housenumber,93,addr
2599517864,source,BAG,regular
2599517864,city,Delft,addr
2599517864,street,Oude Delft,addr
2599517864,date,2014-10-30,source
2599517864,postcode,2611BD,addr
2599517864,housenumber,95,addr
2599517966,source,BAG,regular
2599517966,city,Delft,addr
2599517966,street,Noordeinde,addr
2599517966,date,2014-10-30,source
2599517966,postcode,2611WV,addr
2599517966,housenumber,98,addr
2599518195,source,BAG,regular
2599518195,city,Delft,addr
2599518195,street,Bagijnhof,addr
2599518195,date,2014-10-30,source
2599518195,postcode,2611AN,addr
2599518195,housenumber,9C,addr
2599519368,entrance,yes,regular
2599521835,entrance,main,regular
2599532420,entrance,main,regular
2609077791,name,Gamma,regular
2609077791,shop,doityourself,regular
2609077791,brand,Gamma,regular
2609077791,website,www.gamma.nl,regular
2628403986,source,BAG,regular
2628403986,city,Delfgauw,addr
2628403986,street,Koornbranderstraat,addr
2628403986,date,2014-10-30,source
2628403986,postcode,2645KZ,addr
2628403986,housenumber,1,addr
2628404036,source,BAG,regular
2628404036,city,Delfgauw,addr
2628404036,street,Burgemeester Molenbroekstraat,addr
2628404036,date,2014-10-30,source
2628404036,postcode,2645NK,addr
2628404036,housenumber,1-G1,addr
2628404086,source,BAG,regular
2628404086,city,Delfgauw,addr
2628404086,street,Noordeindseweg,addr
2628404086,date,2014-10-30,source
2628404086,postcode,2645AL,addr
2628404086,housenumber,10,addr
2628404137,source,BAG,regular
2628404137,city,Delfgauw,addr
2628404137,street,Kerkmeesterstraat,addr
2628404137,date,2014-10-30,source
2628404137,postcode,2645LH,addr
2628404137,housenumber,105,addr
2628404188,source,BAG,regular
2628404188,city,Delfgauw,addr
2628404188,street,Knopenmakerstraat,addr
2628404188,date,2014-10-30,source
2628404188,postcode,2645JP,addr
2628404188,housenumber,11,addr
2628404242,source,BAG,regular
2628404242,city,Delfgauw,addr
2628404242,street,Witmolen,addr
2628404242,date,2014-10-30,source
2628404242,postcode,2645GH,addr
2628404242,housenumber,111,addr
2628404308,source,BAG,regular
2628404308,city,Delfgauw,addr
2628404308,street,Koornbranderstraat,addr
2628404308,date,2014-10-30,source
2628404308,postcode,2645KZ,addr
2628404308,housenumber,12,addr
2628404503,source,BAG,regular
2628404503,city,Delfgauw,addr
2628404503,street,Witmolen,addr
2628404503,date,2014-10-30,source
2628404503,postcode,2645GH,addr
2628404503,housenumber,121,addr
2628404680,source,BAG,regular
2628404680,city,Delfgauw,addr
2628404680,street,Landmeterstraat,addr
2628404680,date,2014-10-30,source
2628404680,postcode,2645KH,addr
2628404680,housenumber,13,addr
2628404831,source,BAG,regular
2628404831,city,Delfgauw,addr
2628404831,street,Laan der Zeven Linden,addr
2628404831,date,2014-10-30,source
2628404831,postcode,2645GV,addr
2628404831,housenumber,135,addr
2628404934,source,BAG,regular
2628404934,city,Delfgauw,addr
2628404934,street,Meikoninginlaan,addr
2628404934,date,2014-10-30,source
2628404934,postcode,2645NT,addr
2628404934,housenumber,14,addr
2628405064,source,BAG,regular
2628405064,city,Delfgauw,addr
2628405064,street,Melkdragerhof,addr
2628405064,date,2014-10-30,source
2628405064,postcode,2645LN,addr
2628405064,housenumber,147,addr
2628405136,source,BAG,regular
2628405136,city,Delfgauw,addr
2628405136,street,Slagturverstraat,addr
2628405136,date,2014-10-30,source
2628405136,postcode,2645KB,addr
2628405136,housenumber,15,addr
2628405279,source,BAG,regular
2628405279,city,Delfgauw,addr
2628405279,street,Azijnmakerstraat,addr
2628405279,date,2014-10-30,source
2628405279,postcode,2645JW,addr
2628405279,housenumber,16,addr
2628405331,source,BAG,regular
2628405331,city,Delfgauw,addr
2628405331,street,Slagturverstraat,addr
2628405331,date,2014-10-30,source
2628405331,postcode,2645KB,addr
2628405331,housenumber,16,addr
2628405441,source,BAG,regular
2628405441,city,Delfgauw,addr
2628405441,street,Melkdragerhof,addr
2628405441,date,2014-10-30,source
2628405441,postcode,2645LN,addr
2628405441,housenumber,169,addr
2628405506,source,BAG,regular
2628405506,city,Delfgauw,addr
2628405506,street,Wieldraaierstraat,addr
2628405506,date,2014-10-30,source
2628405506,postcode,2645JN,addr
2628405506,housenumber,17,addr
2628405566,source,BAG,regular
2628405566,city,Delfgauw,addr
2628405566,street,Gaarderstraat,addr
2628405566,date,2014-10-30,source
2628405566,postcode,2645ME,addr
2628405566,housenumber,18,addr
2628405636,source,BAG,regular
2628405636,city,Delfgauw,addr
2628405636,street,Zuidpoldersingel,addr
2628405636,date,2014-10-30,source
2628405636,postcode,2645KC,addr
2628405636,housenumber,18,addr
2628405698,source,BAG,regular
2628405698,city,Delfgauw,addr
2628405698,street,Leerlooierstraat,addr
2628405698,date,2014-10-30,source
2628405698,postcode,2645JS,addr
2628405698,housenumber,19,addr
2628405882,source,BAG,regular
2628405882,city,Delfgauw,addr
2628405882,street,Melkdragerhof,addr
2628405882,date,2014-10-30,source
2628405882,postcode,2645LN,addr
2628405882,housenumber,197,addr
2628405932,source,BAG,regular
2628405932,city,Delfgauw,addr
2628405932,street,Noordeindseweg,addr
2628405932,date,2014-10-30,source
2628405932,postcode,2645AL,addr
2628405932,housenumber,2,addr
2628406025,source,BAG,regular
2628406025,city,Delfgauw,addr
2628406025,street,Heemraadstraat,addr
2628406025,date,2014-10-30,source
2628406025,postcode,2645KE,addr
2628406025,housenumber,20,addr
2628406274,source,BAG,regular
2628406274,city,Delfgauw,addr
2628406274,street,Kerkmeesterstraat,addr
2628406274,date,2014-10-30,source
2628406274,postcode,2645LK,addr
2628406274,housenumber,203,addr
2628406350,source,BAG,regular
2628406350,city,Delfgauw,addr
2628406350,street,Vrijenban,addr
2628406350,date,2014-10-30,source
2628406350,postcode,2645AT,addr
2628406350,housenumber,21,addr
2628406401,source,BAG,regular
2628406401,city,Delfgauw,addr
2628406401,street,Noordeindseweg,addr
2628406401,date,2014-10-30,source
2628406401,postcode,2645AL,addr
2628406401,housenumber,22,addr
2628406520,source,BAG,regular
2628406520,city,Delfgauw,addr
2628406520,street,Groothandelsweg,addr
2628406520,date,2014-10-30,source
2628406520,postcode,2645EH,addr
2628406520,housenumber,23,addr
2628406742,source,BAG,regular
2628406742,city,Delfgauw,addr
2628406742,street,Achtmanstraat,addr
2628406742,date,2014-10-30,source
2628406742,postcode,2645MD,addr
2628406742,housenumber,24,addr
2628406796,source,BAG,regular
2628406796,city,Delfgauw,addr
2628406796,street,Zuidpoldersingel,addr
2628406796,date,2014-10-30,source
2628406796,postcode,2645KC,addr
2628406796,housenumber,24,addr
2628406850,source,BAG,regular
2628406850,city,Delfgauw,addr
2628406850,street,Delftsestraatweg,addr
2628406850,date,2014-10-30,source
2628406850,postcode,2645AE,addr
2628406850,housenumber,252,addr
2628406935,source,BAG,regular
2628406935,city,Delfgauw,addr
2628406935,street,Zeepziederstraat,addr
2628406935,date,2014-10-30,source
2628406935,postcode,2645KV,addr
2628406935,housenumber,26,addr
2628407008,source,BAG,regular
2628407008,city,Delfgauw,addr
2628407008,street,Delftsestraatweg,addr
2628407008,date,2014-10-30,source
2628407008,postcode,2645AE,addr
2628407008,housenumber,270,addr
2628407149,source,BAG,regular
2628407149,city,Delfgauw,addr
2628407149,street,Zuidpoldersingel,addr
2628407149,date,2014-10-30,source
2628407149,postcode,2645KC,addr
2628407149,housenumber,28,addr
2628407528,source,BAG,regular
2628407528,city,Delfgauw,addr
2628407528,street,Graaf Willem II laan,addr
2628407528,date,2014-10-30,source
2628407528,postcode,2645AJ,addr
2628407528,housenumber,2a,addr
2628407832,source,BAG,regular
2628407832,city,Delfgauw,addr
2628407832,street,Padmoes,addr
2628407832,date,2014-10-30,source
2628407832,postcode,2645GA,addr
2628407832,housenumber,3,addr
2628407902,source,BAG,regular
2628407902,city,Delfgauw,addr
2628407902,street,Melkdragerhof,addr
2628407902,date,2014-10-30,source
2628407902,postcode,2645LR,addr
2628407902,housenumber,30,addr
2628407952,source,BAG,regular
2628407952,city,Delfgauw,addr
2628407952,street,Schellingstraat,addr
2628407952,date,2014-10-30,source
2628407952,postcode,2645HB,addr
2628407952,housenumber,31,addr
2628408002,source,BAG,regular
2628408002,city,Delfgauw,addr
2628408002,street,Zaaierstraat,addr
2628408002,date,2014-10-30,source
2628408002,postcode,2645JH,addr
2628408002,housenumber,32,addr
2628408136,source,BAG,regular
2628408136,city,Delfgauw,addr
2628408136,street,Schimmelpenninck van der Oyeweg,addr
2628408136,date,2014-10-30,source
2628408136,postcode,2645NB,addr
2628408136,housenumber,33a-G5,addr
2628408316,source,BAG,regular
2628408316,city,Delfgauw,addr
2628408316,street,Pauwmolen,addr
2628408316,date,2014-10-30,source
2628408316,postcode,2645GC,addr
2628408316,housenumber,35,addr
2628408366,source,BAG,regular
2628408366,city,Delfgauw,addr
2628408366,street,Laan der Zeven Linden,addr
2628408366,date,2014-10-30,source
2628408366,postcode,2645HX,addr
2628408366,housenumber,365,addr
2628408449,source,BAG,regular
2628408449,city,Delfgauw,addr
2628408449,street,Sluiswachterstraat,addr
2628408449,date,2014-10-30,source
2628408449,postcode,2645JC,addr
2628408449,housenumber,38,addr
2628408500,source,BAG,regular
2628408500,city,Delfgauw,addr
2628408500,street,Laan der Zeven Linden,addr
2628408500,date,2014-10-30,source
2628408500,postcode,2645HX,addr
2628408500,housenumber,397,addr
2628408550,source,BAG,regular
2628408550,city,Delfgauw,addr
2628408550,street,Pompmakerstraat,addr
2628408550,date,2014-10-30,source
2628408550,postcode,2645JV,addr
2628408550,housenumber,4,addr
2628408620,source,BAG,regular
2628408620,city,Delfgauw,addr
2628408620,street,Witmolen,addr
2628408620,date,2014-10-30,source
2628408620,postcode,2645GK,addr
2628408620,housenumber,40,addr
2628408670,source,BAG,regular
2628408670,city,Delfgauw,addr
2628408670,street,Zuidpoldersingel,addr
2628408670,date,2014-10-30,source
2628408670,postcode,2645KC,addr
2628408670,housenumber,42,addr
2628408724,source,BAG,regular
2628408724,city,Delfgauw,addr
2628408724,street,Kerkmeesterstraat,addr
2628408724,date,2014-10-30,source
2628408724,postcode,2645LG,addr
2628408724,housenumber,45,addr
2628408787,source,BAG,regular
2628408787,city,Delfgauw,addr
2628408787,street,Schellingstraat,addr
2628408787,date,2014-10-30,source
2628408787,postcode,2645HB,addr
2628408787,housenumber,47,addr
2628408837,source,BAG,regular
2628408837,city,Delfgauw,addr
2628408837,street,Molenmeesterstraat,addr
2628408837,date,2014-10-30,source
2628408837,postcode,2645GW,addr
2628408837,housenumber,4a,addr
2628409036,source,BAG,regular
2628409036,city,Delfgauw,addr
2628409036,street,Poldermeesterstraat,addr
2628409036,date,2014-10-30,source
2628409036,postcode,2645KJ,addr
2628409036,housenumber,5,addr
2628409193,source,BAG,regular
2628409193,city,Delfgauw,addr
2628409193,street,Zaaierstraat,addr
2628409193,date,2014-10-30,source
2628409193,postcode,2645JH,addr
2628409193,housenumber,50,addr
2628409328,source,BAG,regular
2628409328,city,Delfgauw,addr
2628409328,street,Scheepmakersingel,addr
2628409328,date,2014-10-30,source
2628409328,postcode,2645LC,addr
2628409328,housenumber,53,addr
2628409378,source,BAG,regular
2628409378,city,Delfgauw,addr
2628409378,street,Warmoezierstraat,addr
2628409378,date,2014-10-30,source
2628409378,postcode,2645JE,addr
2628409378,housenumber,56,addr
2628409428,source,BAG,regular
2628409428,city,Delfgauw,addr
2628409428,street,Zuidpoldersingel,addr
2628409428,date,2014-10-30,source
2628409428,postcode,2645JK,addr
2628409428,housenumber,59,addr
2628409479,source,BAG,regular
2628409479,city,Delfgauw,addr
2628409479,street,Pompmakerstraat,addr
2628409479,date,2014-10-30,source
2628409479,postcode,2645JV,addr
2628409479,housenumber,6,addr
2628409542,source,BAG,regular
2628409542,city,Delfgauw,addr
2628409542,street,Laan der Zeven Linden,addr
2628409542,date,2014-10-30,source
2628409542,postcode,2645GR,addr
2628409542,housenumber,61,addr
2628409773,source,BAG,regular
2628409773,city,Delfgauw,addr
2628409773,street,Gouden Rijderplein,addr
2628409773,date,2014-10-30,source
2628409773,postcode,2645EZ,addr
2628409773,housenumber,65,addr
2628410099,source,BAG,regular
2628410099,city,Delfgauw,addr
2628410099,street,Zuideindseweg,addr
2628410099,date,2014-10-30,source
2628410099,postcode,2645BH,addr
2628410099,housenumber,68b,addr
2628410555,source,BAG,regular
2628410555,city,Delfgauw,addr
2628410555,street,Landmeterstraat,addr
2628410555,date,2014-10-30,source
2628410555,postcode,2645KH,addr
2628410555,housenumber,7,addr
2628410814,source,BAG,regular
2628410814,city,Delfgauw,addr
2628410814,street,Zuidpoldersingel,addr
2628410814,date,2014-10-30,source
2628410814,postcode,2645KD,addr
2628410814,housenumber,70,addr
2628411057,source,BAG,regular
2628411057,city,Delfgauw,addr
2628411057,street,Pauwmolen,addr
2628411057,date,2014-10-30,source
2628411057,postcode,2645GC,addr
2628411057,housenumber,75,addr
2628411337,source,BAG,regular
2628411337,city,Delfgauw,addr
2628411337,street,Dijkgraafstraat,addr
2628411337,date,2014-10-30,source
2628411337,postcode,2645KN,addr
2628411337,housenumber,8,addr
2628411624,source,BAG,regular
2628411624,city,Delfgauw,addr
2628411624,street,Spiegelmakerstraat,addr
2628411624,date,2014-10-30,source
2628411624,postcode,2645KW,addr
2628411624,housenumber,8,addr
2628411873,source,BAG,regular
2628411873,city,Delfgauw,addr
2628411873,street,Schimmelpenninck van der Oyeweg,addr
2628411873,date,2014-10-30,source
2628411873,postcode,2645NE,addr
2628411873,housenumber,84,addr
2628412030,source,BAG,regular
2628412030,city,Delfgauw,addr
2628412030,street,Eminentlaan,addr
2628412030,date,2014-10-30,source
2628412030,postcode,2645NN,addr
2628412030,housenumber,9,addr
2628412313,source,BAG,regular
2628412313,city,Delfgauw,addr
2628412313,street,Tomatenlaan,addr
2628412313,date,2014-10-30,source
2628412313,postcode,2645NH,addr
2628412313,housenumber,9,addr
2628412572,source,BAG,regular
2628412572,city,Delfgauw,addr
2628412572,street,Laan der Zeven Linden,addr
2628412572,date,2014-10-30,source
2628412572,postcode,2645GR,addr
2628412572,housenumber,97,addr
2628551841,source,BAG,regular
2628551841,city,Delfgauw,addr
2628551841,street,Ackersdijkseweg,addr
2628551841,date,2014-10-30,source
2628551841,postcode,2645EB,addr
2628551841,housenumber,16,addr
2629217052,source,BAG,regular
2629217052,city,Delfgauw,addr
2629217052,street,Zuideindseweg,addr
2629217052,date,2014-10-30,source
2629217052,postcode,2645BD,addr
2629217052,housenumber,35a,addr
2629217994,source,BAG,regular
2629217994,city,Delfgauw,addr
2629217994,street,Delftsestraatweg,addr
2629217994,date,2014-10-30,source
2629217994,postcode,2645CB,addr
2629217994,housenumber,60,addr
2660390628,source,BAG,regular
2660390628,city,Delft,addr
2660390628,street,Van Beresteynstraat,addr
2660390628,date,2014-10-30,source
2660390628,postcode,2614HE,addr
2660390628,housenumber,123,addr
2711556340,source,BAG,regular
2711556340,city,Rijswijk,addr
2711556340,street,Meester Beerninkplantsoen,addr
2711556340,date,2014-10-30,source
2711556340,postcode,2286MN,addr
2711556340,housenumber,112,addr
2711556391,source,BAG,regular
2711556391,city,Rijswijk,addr
2711556391,street,Meester Beerninkplantsoen,addr
2711556391,date,2014-10-30,source
2711556391,postcode,2286MS,addr
2711556391,housenumber,164,addr
2711556520,source,BAG,regular
2711556520,city,Rijswijk,addr
2711556520,street,Meester Beerninkplantsoen,addr
2711556520,date,2014-10-30,source
2711556520,postcode,2286MP,addr
2711556520,housenumber,216,addr
2711556611,source,BAG,regular
2711556611,city,Rijswijk,addr
2711556611,street,Meester Beerninkplantsoen,addr
2711556611,date,2014-10-30,source
2711556611,postcode,2286MR,addr
2711556611,housenumber,272,addr
2711556661,source,BAG,regular
2711556661,city,Rijswijk,addr
2711556661,street,Meester Beerninkplantsoen,addr
2711556661,date,2014-10-30,source
2711556661,postcode,2286ML,addr
2711556661,housenumber,34,addr
2711556849,source,BAG,regular
2711556849,city,Rijswijk,addr
2711556849,street,Florence Nightingalestraat,addr
2711556849,date,2014-10-30,source
2711556849,postcode,2286JX,addr
2711556849,housenumber,53,addr
2711556903,source,BAG,regular
2711556903,city,Rijswijk,addr
2711556903,street,Florence Nightingalestraat,addr
2711556903,date,2014-10-30,source
2711556903,postcode,2286JX,addr
2711556903,housenumber,73,addr
2711556953,source,BAG,regular
2711556953,city,Rijswijk,addr
2711556953,street,Meester Beerninkplantsoen,addr
2711556953,date,2014-10-30,source
2711556953,postcode,2286MN,addr
2711556953,housenumber,92,addr
2719083565,source,BAG,regular
2719083565,city,Rijswijk,addr
2719083565,street,Florence Nightingalestraat,addr
2719083565,date,2014-10-30,source
2719083565,postcode,2286JL,addr
2719083565,housenumber,12,addr
2719084356,source,BAG,regular
2719084356,city,Rijswijk,addr
2719084356,street,Florence Nightingalestraat,addr
2719084356,date,2014-10-30,source
2719084356,postcode,2286JS,addr
2719084356,housenumber,150,addr
2719085976,source,BAG,regular
2719085976,city,Rijswijk,addr
2719085976,street,Florence Nightingalestraat,addr
2719085976,date,2014-10-30,source
2719085976,postcode,2286JL,addr
2719085976,housenumber,2,addr
2719086715,source,BAG,regular
2719086715,city,Rijswijk,addr
2719086715,street,Aletta Jacobsstraat,addr
2719086715,date,2014-10-30,source
2719086715,postcode,2286BL,addr
2719086715,housenumber,23,addr
2719087422,source,BAG,regular
2719087422,city,Rijswijk,addr
2719087422,street,Monseigneur Bekkerslaan,addr
2719087422,date,2014-10-30,source
2719087422,postcode,2286CJ,addr
2719087422,housenumber,265,addr
2719088303,source,BAG,regular
2719088303,city,Rijswijk,addr
2719088303,street,Monseigneur Bekkerslaan,addr
2719088303,date,2014-10-30,source
2719088303,postcode,2286CL,addr
2719088303,housenumber,315,addr
2719089438,source,BAG,regular
2719089438,city,Rijswijk,addr
2719089438,street,Monseigneur Bekkerslaan,addr
2719089438,date,2014-10-30,source
2719089438,postcode,2286CN,addr
2719089438,housenumber,367,addr
2719090008,source,BAG,regular
2719090008,city,Rijswijk,addr
2719090008,street,Petronella Voûtestraat,addr
2719090008,date,2014-10-30,source
2719090008,postcode,2286VC,addr
2719090008,housenumber,391,addr
2719090219,source,BAG,regular
2719090219,city,Rijswijk,addr
2719090219,street,Monseigneur Bekkerslaan,addr
2719090219,date,2014-10-30,source
2719090219,postcode,2286CP,addr
2719090219,housenumber,409,addr
2719090594,source,BAG,regular
2719090594,city,Rijswijk,addr
2719090594,street,Petronella Voûtestraat,addr
2719090594,date,2014-10-30,source
2719090594,postcode,2286VC,addr
2719090594,housenumber,433l,addr
2719091136,source,BAG,regular
2719091136,city,Rijswijk,addr
2719091136,street,Helena Kuipers-Rietbergpad,addr
2719091136,date,2014-10-30,source
2719091136,postcode,2286PS,addr
2719091136,housenumber,47,addr
2719091876,source,BAG,regular
2719091876,city,Rijswijk,addr
2719091876,street,Aletta Jacobsstraat,addr
2719091876,date,2014-10-30,source
2719091876,postcode,2286BP,addr
2719091876,housenumber,52,addr
2719092475,source,BAG,regular
2719092475,city,Rijswijk,addr
2719092475,street,Monseigneur Bekkerslaan,addr
2719092475,date,2014-10-30,source
2719092475,postcode,2286CX,addr
2719092475,housenumber,575,addr
2719092658,source,BAG,regular
2719092658,city,Rijswijk,addr
2719092658,street,Breebaartlaan,addr
2719092658,date,2014-10-30,source
2719092658,postcode,2286RP,addr
2719092658,housenumber,62,addr
2719093013,source,BAG,regular
2719093013,city,Rijswijk,addr
2719093013,street,Monseigneur Bekkerslaan,addr
2719093013,date,2014-10-30,source
2719093013,postcode,2286EB,addr
2719093013,housenumber,663,addr
2719093628,source,BAG,regular
2719093628,city,Rijswijk,addr
2719093628,street,Aletta Jacobsstraat,addr
2719093628,date,2014-10-30,source
2719093628,postcode,2286BP,addr
2719093628,housenumber,72,addr
2719093798,source,BAG,regular
2719093798,city,Rijswijk,addr
2719093798,street,Monseigneur Bekkerslaan,addr
2719093798,date,2014-10-30,source
2719093798,postcode,2286EG,addr
2719093798,housenumber,781,addr
2719093983,source,BAG,regular
2719093983,city,Rijswijk,addr
2719093983,street,Petronella Voûtestraat,addr
2719093983,date,2014-10-30,source
2719093983,postcode,2286VE,addr
2719093983,housenumber,82s,addr
2719936538,source,BAG,regular
2719936538,city,Rijswijk,addr
2719936538,street,Petronella Voûtestraat,addr
2719936538,date,2014-10-30,source
2719936538,postcode,2286VA,addr
2719936538,housenumber,13,addr
2719937122,source,BAG,regular
2719937122,city,Rijswijk,addr
2719937122,street,Henri Dunantlaan,addr
2719937122,date,2014-10-30,source
2719937122,postcode,2286GE,addr
2719937122,housenumber,155,addr
2719937436,source,BAG,regular
2719937436,city,Rijswijk,addr
2719937436,street,Doctor H.J. van Mooklaan,addr
2719937436,date,2014-10-30,source
2719937436,postcode,2286BD,addr
2719937436,housenumber,181,addr
2719937621,source,BAG,regular
2719937621,city,Rijswijk,addr
2719937621,street,Petronella Voûtestraat,addr
2719937621,date,2014-10-30,source
2719937621,postcode,2286VB,addr
2719937621,housenumber,197l,addr
2719937818,source,BAG,regular
2719937818,city,Rijswijk,addr
2719937818,street,Hendersonstraat,addr
2719937818,date,2014-10-30,source
2719937818,postcode,2286XA,addr
2719937818,housenumber,1m,addr
2719938373,source,BAG,regular
2719938373,city,Rijswijk,addr
2719938373,street,Hendersonstraat,addr
2719938373,date,2014-10-30,source
2719938373,postcode,2286XB,addr
2719938373,housenumber,225,addr
2719938726,source,BAG,regular
2719938726,city,Rijswijk,addr
2719938726,street,Doctor H.J. van Mooklaan,addr
2719938726,date,2014-10-30,source
2719938726,postcode,2286BE,addr
2719938726,housenumber,255,addr
2719939111,source,BAG,regular
2719939111,city,Rijswijk,addr
2719939111,street,Hendersonstraat,addr
2719939111,date,2014-10-30,source
2719939111,postcode,2286XB,addr
2719939111,housenumber,283,addr
2719939742,source,BAG,regular
2719939742,city,Rijswijk,addr
2719939742,street,Petronella Voûtestraat,addr
2719939742,date,2014-10-30,source
2719939742,postcode,2286VB,addr
2719939742,housenumber,309,addr
2719939914,source,BAG,regular
2719939914,city,Rijswijk,addr
2719939914,street,Hendersonstraat,addr
2719939914,date,2014-10-30,source
2719939914,postcode,2286XB,addr
2719939914,housenumber,339,addr
2719940173,source,BAG,regular
2719940173,city,Rijswijk,addr
2719940173,street,Petronella Voûtestraat,addr
2719940173,date,2014-10-30,source
2719940173,postcode,2286VB,addr
2719940173,housenumber,367,addr
2719940557,source,BAG,regular
2719940557,city,Rijswijk,addr
2719940557,street,Bunchestraat,addr
2719940557,date,2014-10-30,source
2719940557,postcode,2286GM,addr
2719940557,housenumber,42,addr
2719941116,source,BAG,regular
2719941116,city,Rijswijk,addr
2719941116,street,Hendersonstraat,addr
2719941116,date,2014-10-30,source
2719941116,postcode,2286XA,addr
2719941116,housenumber,57,addr
2719941909,source,BAG,regular
2719941909,city,Rijswijk,addr
2719941909,street,Petronella Voûtestraat,addr
2719941909,date,2014-10-30,source
2719941909,postcode,2286VA,addr
2719941909,housenumber,87,addr
2722116821,source,BAG,regular
2722116821,city,'s-Gravenhage,addr
2722116821,street,Kalmoesplantsoen,addr
2722116821,date,2014-10-30,source
2722116821,postcode,2548WV,addr
2722116821,housenumber,12,addr
2722117223,source,BAG,regular
2722117223,city,'s-Gravenhage,addr
2722117223,street,Middenweg,addr
2722117223,date,2014-10-30,source
2722117223,postcode,2548VD,addr
2722117223,housenumber,150,addr
2722117545,source,BAG,regular
2722117545,city,'s-Gravenhage,addr
2722117545,street,Waterbiesweg,addr
2722117545,date,2014-10-30,source
2722117545,postcode,2548WZ,addr
2722117545,housenumber,16,addr
2722117908,source,BAG,regular
2722117908,city,'s-Gravenhage,addr
2722117908,street,Kalmoesplantsoen,addr
2722117908,date,2014-10-30,source
2722117908,postcode,2548WV,addr
2722117908,housenumber,20,addr
2722118237,source,BAG,regular
2722118237,city,'s-Gravenhage,addr
2722118237,street,Rietkeverstraat,addr
2722118237,date,2014-10-30,source
2722118237,postcode,2548WN,addr
2722118237,housenumber,28,addr
2722118490,source,BAG,regular
2722118490,city,'s-Gravenhage,addr
2722118490,street,Waterbiesweg,addr
2722118490,date,2014-10-30,source
2722118490,postcode,2548WZ,addr
2722118490,housenumber,38,addr
2722118711,source,BAG,regular
2722118711,city,'s-Gravenhage,addr
2722118711,street,Rietkeverstraat,addr
2722118711,date,2014-10-30,source
2722118711,postcode,2548WN,addr
2722118711,housenumber,48,addr
2722119405,source,BAG,regular
2722119405,city,'s-Gravenhage,addr
2722119405,street,Rietkeverstraat,addr
2722119405,date,2014-10-30,source
2722119405,postcode,2548WN,addr
2722119405,housenumber,6,addr
2722119809,source,BAG,regular
2722119809,city,'s-Gravenhage,addr
2722119809,street,Wielspinstraat,addr
2722119809,date,2014-10-30,source
2722119809,postcode,2548WS,addr
2722119809,housenumber,8,addr
2722170685,source,BAG,regular
2722170685,city,'s-Gravenhage,addr
2722170685,street,Paul Steenbergenlaan,addr
2722170685,date,2014-10-30,source
2722170685,postcode,2548ZK,addr
2722170685,housenumber,101,addr
2722170966,source,BAG,regular
2722170966,city,'s-Gravenhage,addr
2722170966,street,Laan van Wateringse Veld,addr
2722170966,date,2014-10-30,source
2722170966,postcode,2548CA,addr
2722170966,housenumber,1457,addr
2722171156,source,BAG,regular
2722171156,city,'s-Gravenhage,addr
2722171156,street,Laan van Wateringse Veld,addr
2722171156,date,2014-10-30,source
2722171156,postcode,2548CA,addr
2722171156,housenumber,1559,addr
2722171431,source,BAG,regular
2722171431,city,'s-Gravenhage,addr
2722171431,street,Wim Sonneveldstraat,addr
2722171431,date,2014-10-30,source
2722171431,postcode,2548ZM,addr
2722171431,housenumber,2,addr
2722171728,source,BAG,regular
2722171728,city,'s-Gravenhage,addr
2722171728,street,Henri ter Hallstraat,addr
2722171728,date,2014-10-30,source
2722171728,postcode,2548ZG,addr
2722171728,housenumber,24,addr
2722172006,source,BAG,regular
2722172006,city,'s-Gravenhage,addr
2722172006,street,Henri ter Hallstraat,addr
2722172006,date,2014-10-30,source
2722172006,postcode,2548ZG,addr
2722172006,housenumber,30,addr
2722172345,source,BAG,regular
2722172345,city,'s-Gravenhage,addr
2722172345,street,Guido de Moorstraat,addr
2722172345,date,2014-10-30,source
2722172345,postcode,2548ZS,addr
2722172345,housenumber,36,addr
2722172494,source,BAG,regular
2722172494,city,'s-Gravenhage,addr
2722172494,street,Fie Carelsenlaan,addr
2722172494,date,2014-10-30,source
2722172494,postcode,2548ZN,addr
2722172494,housenumber,42,addr
2722172767,source,BAG,regular
2722172767,city,'s-Gravenhage,addr
2722172767,street,Ko van Dijkplein,addr
2722172767,date,2014-10-30,source
2722172767,postcode,2548ZT,addr
2722172767,housenumber,49,addr
2722173009,source,BAG,regular
2722173009,city,'s-Gravenhage,addr
2722173009,street,Paul Steenbergenlaan,addr
2722173009,date,2014-10-30,source
2722173009,postcode,2548ZK,addr
2722173009,housenumber,55,addr
2722173262,source,BAG,regular
2722173262,city,'s-Gravenhage,addr
2722173262,street,Paul Steenbergenlaan,addr
2722173262,date,2014-10-30,source
2722173262,postcode,2548ZJ,addr
2722173262,housenumber,62,addr
2722173492,source,BAG,regular
2722173492,city,'s-Gravenhage,addr
2722173492,street,Eduard Verkadelaan,addr
2722173492,date,2014-10-30,source
2722173492,postcode,2548ZE,addr
2722173492,housenumber,71,addr
2722173931,source,BAG,regular
2722173931,city,'s-Gravenhage,addr
2722173931,street,Paul Steenbergenlaan,addr
2722173931,date,2014-10-30,source
2722173931,postcode,2548ZK,addr
2722173931,housenumber,83,addr
2722252533,source,BAG,regular
2722252533,city,'s-Gravenhage,addr
2722252533,street,Middenweg,addr
2722252533,date,2014-10-30,source
2722252533,postcode,2548VE,addr
2722252533,housenumber,105,addr
2722252769,source,BAG,regular
2722252769,city,'s-Gravenhage,addr
2722252769,street,Laan van Wateringse Veld,addr
2722252769,date,2014-10-30,source
2722252769,postcode,2548CT,addr
2722252769,housenumber,1112,addr
2722252968,source,BAG,regular
2722252968,city,'s-Gravenhage,addr
2722252968,street,Jutland,addr
2722252968,date,2014-10-30,source
2722252968,postcode,2548WD,addr
2722252968,housenumber,12,addr
2722253165,source,BAG,regular
2722253165,city,'s-Gravenhage,addr
2722253165,street,Laan van Wateringse Veld,addr
2722253165,date,2014-10-30,source
2722253165,postcode,2548CW,addr
2722253165,housenumber,1274,addr
2722253341,source,BAG,regular
2722253341,city,'s-Gravenhage,addr
2722253341,street,Laan van Wateringse Veld,addr
2722253341,date,2014-10-30,source
2722253341,postcode,2548CX,addr
2722253341,housenumber,1348,addr
2722253523,source,BAG,regular
2722253523,city,'s-Gravenhage,addr
2722253523,street,Laan van Wateringse Veld,addr
2722253523,date,2014-10-30,source
2722253523,postcode,2548CZ,addr
2722253523,housenumber,1416,addr
2722253727,source,BAG,regular
2722253727,city,'s-Gravenhage,addr
2722253727,street,Praagsingel,addr
2722253727,date,2014-10-30,source
2722253727,postcode,2548TV,addr
2722253727,housenumber,157,addr
2722254000,source,BAG,regular
2722254000,city,'s-Gravenhage,addr
2722254000,street,Praagsingel,addr
2722254000,date,2014-10-30,source
2722254000,postcode,2548TV,addr
2722254000,housenumber,185,addr
2722254200,source,BAG,regular
2722254200,city,'s-Gravenhage,addr
2722254200,street,Praagsingel,addr
2722254200,date,2014-10-30,source
2722254200,postcode,2548TT,addr
2722254200,housenumber,21,addr
2722254381,source,BAG,regular
2722254381,city,'s-Gravenhage,addr
2722254381,street,Langeland,addr
2722254381,date,2014-10-30,source
2722254381,postcode,2548WE,addr
2722254381,housenumber,24,addr
2722254579,source,BAG,regular
2722254579,city,'s-Gravenhage,addr
2722254579,street,Praagsingel,addr
2722254579,date,2014-10-30,source
2722254579,postcode,2548TT,addr
2722254579,housenumber,27,addr
2722254747,source,BAG,regular
2722254747,city,'s-Gravenhage,addr
2722254747,street,Reykjavikweg,addr
2722254747,date,2014-10-30,source
2722254747,postcode,2548VA,addr
2722254747,housenumber,30,addr
2722254855,source,BAG,regular
2722254855,city,'s-Gravenhage,addr
2722254855,street,Groenland,addr
2722254855,date,2014-10-30,source
2722254855,postcode,2548WC,addr
2722254855,housenumber,35,addr
2722255040,source,BAG,regular
2722255040,city,'s-Gravenhage,addr
2722255040,street,Warschaustraat,addr
2722255040,date,2014-10-30,source
2722255040,postcode,2548TS,addr
2722255040,housenumber,39,addr
2722255346,source,BAG,regular
2722255346,city,'s-Gravenhage,addr
2722255346,street,Wenenweg,addr
2722255346,date,2014-10-30,source
2722255346,postcode,2548TX,addr
2722255346,housenumber,43,addr
2722255591,source,BAG,regular
2722255591,city,'s-Gravenhage,addr
2722255591,street,Jutland,addr
2722255591,date,2014-10-30,source
2722255591,postcode,2548WD,addr
2722255591,housenumber,49,addr
2722255911,source,BAG,regular
2722255911,city,'s-Gravenhage,addr
2722255911,street,Wenenweg,addr
2722255911,date,2014-10-30,source
2722255911,postcode,2548TX,addr
2722255911,housenumber,53,addr
2722256262,source,BAG,regular
2722256262,city,'s-Gravenhage,addr
2722256262,street,Praagsingel,addr
2722256262,date,2014-10-30,source
2722256262,postcode,2548TT,addr
2722256262,housenumber,65,addr
2722256731,source,BAG,regular
2722256731,city,'s-Gravenhage,addr
2722256731,street,Noordland,addr
2722256731,date,2014-10-30,source
2722256731,postcode,2548WB,addr
2722256731,housenumber,9,addr
2722312411,source,BAG,regular
2722312411,city,'s-Gravenhage,addr
2722312411,street,Laan van Wateringse Veld,addr
2722312411,date,2014-10-30,source
2722312411,postcode,2548BS,addr
2722312411,housenumber,1007,addr
2722312550,source,BAG,regular
2722312550,city,'s-Gravenhage,addr
2722312550,street,Boekarestpad,addr
2722312550,date,2014-10-30,source
2722312550,postcode,2548TC,addr
2722312550,housenumber,11,addr
2722312669,source,BAG,regular
2722312669,city,'s-Gravenhage,addr
2722312669,street,Laan van Wateringse Veld,addr
2722312669,date,2014-10-30,source
2722312669,postcode,2548BV,addr
2722312669,housenumber,1187,addr
2722312760,source,BAG,regular
2722312760,city,'s-Gravenhage,addr
2722312760,street,Laan van Wateringse Veld,addr
2722312760,date,2014-10-30,source
2722312760,postcode,2548BW,addr
2722312760,housenumber,1265,addr
2722312890,source,BAG,regular
2722312890,city,'s-Gravenhage,addr
2722312890,street,Laan van Wateringse Veld,addr
2722312890,date,2014-10-30,source
2722312890,postcode,2548BX,addr
2722312890,housenumber,1349,addr
2722312975,source,BAG,regular
2722312975,city,'s-Gravenhage,addr
2722312975,street,Laan van Wateringse Veld,addr
2722312975,date,2014-10-30,source
2722312975,postcode,2548BZ,addr
2722312975,housenumber,1425,addr
2722313090,source,BAG,regular
2722313090,city,'s-Gravenhage,addr
2722313090,street,Athenesingel,addr
2722313090,date,2014-10-30,source
2722313090,postcode,2548TH,addr
2722313090,housenumber,18,addr
2722313190,source,BAG,regular
2722313190,city,'s-Gravenhage,addr
2722313190,street,Helsinkihof,addr
2722313190,date,2014-10-30,source
2722313190,postcode,2548TN,addr
2722313190,housenumber,21,addr
2722313271,source,BAG,regular
2722313271,city,'s-Gravenhage,addr
2722313271,street,Helsinkihof,addr
2722313271,date,2014-10-30,source
2722313271,postcode,2548TN,addr
2722313271,housenumber,25,addr
2722313370,source,BAG,regular
2722313370,city,'s-Gravenhage,addr
2722313370,street,Athenesingel,addr
2722313370,date,2014-10-30,source
2722313370,postcode,2548TL,addr
2722313370,housenumber,294,addr
2722313472,source,BAG,regular
2722313472,city,'s-Gravenhage,addr
2722313472,street,Athenesingel,addr
2722313472,date,2014-10-30,source
2722313472,postcode,2548TL,addr
2722313472,housenumber,336,addr
2722313652,source,BAG,regular
2722313652,city,'s-Gravenhage,addr
2722313652,street,Bratislavahof,addr
2722313652,date,2014-10-30,source
2722313652,postcode,2548TG,addr
2722313652,housenumber,42,addr
2722313778,source,BAG,regular
2722313778,city,'s-Gravenhage,addr
2722313778,street,Dublinweg,addr
2722313778,date,2014-10-30,source
2722313778,postcode,2548TM,addr
2722313778,housenumber,55,addr
2722313880,source,BAG,regular
2722313880,city,'s-Gravenhage,addr
2722313880,street,Boekarestpad,addr
2722313880,date,2014-10-30,source
2722313880,postcode,2548TC,addr
2722313880,housenumber,8,addr
2725631120,source,BAG,regular
2725631120,city,'s-Gravenhage,addr
2725631120,street,Vogelenzanglaan,addr
2725631120,date,2014-10-30,source
2725631120,postcode,2548SX,addr
2725631120,housenumber,1,addr
2725631453,source,BAG,regular
2725631453,city,'s-Gravenhage,addr
2725631453,street,Waterlandsingel,addr
2725631453,date,2014-10-30,source
2725631453,postcode,2548ST,addr
2725631453,housenumber,114,addr
2725631883,source,BAG,regular
2725631883,city,'s-Gravenhage,addr
2725631883,street,Treslonglaan,addr
2725631883,date,2014-10-30,source
2725631883,postcode,2548RP,addr
2725631883,housenumber,136,addr
2725632143,source,BAG,regular
2725632143,city,'s-Gravenhage,addr
2725632143,street,Ter Nieuwburgstraat,addr
2725632143,date,2014-10-30,source
2725632143,postcode,2548SC,addr
2725632143,housenumber,16,addr
2725632418,source,BAG,regular
2725632418,city,'s-Gravenhage,addr
2725632418,street,Ipenrodeplantsoen,addr
2725632418,date,2014-10-30,source
2725632418,postcode,2548SH,addr
2725632418,housenumber,20,addr
2725632807,source,BAG,regular
2725632807,city,'s-Gravenhage,addr
2725632807,street,Ter Nieuwburgstraat,addr
2725632807,date,2014-10-30,source
2725632807,postcode,2548SC,addr
2725632807,housenumber,24,addr
2725633087,source,BAG,regular
2725633087,city,'s-Gravenhage,addr
2725633087,street,Voorstondenstraat,addr
2725633087,date,2014-10-30,source
2725633087,postcode,2548SW,addr
2725633087,housenumber,28,addr
2725633471,source,BAG,regular
2725633471,city,'s-Gravenhage,addr
2725633471,street,Ipenrodeplantsoen,addr
2725633471,date,2014-10-30,source
2725633471,postcode,2548SJ,addr
2725633471,housenumber,33,addr
2725633738,source,BAG,regular
2725633738,city,'s-Gravenhage,addr
2725633738,street,Waterlandsingel,addr
2725633738,date,2014-10-30,source
2725633738,postcode,2548ST,addr
2725633738,housenumber,38,addr
2725634087,source,BAG,regular
2725634087,city,'s-Gravenhage,addr
2725634087,street,Ipenrodeplantsoen,addr
2725634087,date,2014-10-30,source
2725634087,postcode,2548SJ,addr
2725634087,housenumber,45,addr
2725634401,source,BAG,regular
2725634401,city,'s-Gravenhage,addr
2725634401,street,Vogelenzanglaan,addr
2725634401,date,2014-10-30,source
2725634401,postcode,2548SX,addr
2725634401,housenumber,51,addr
2725634815,source,BAG,regular
2725634815,city,'s-Gravenhage,addr
2725634815,street,Ipenrodeplantsoen,addr
2725634815,date,2014-10-30,source
2725634815,postcode,2548SH,addr
2725634815,housenumber,62,addr
2725635122,source,BAG,regular
2725635122,city,'s-Gravenhage,addr
2725635122,street,Waterlandsingel,addr
2725635122,date,2014-10-30,source
2725635122,postcode,2548SN,addr
2725635122,housenumber,7,addr
2725635467,source,BAG,regular
2725635467,city,'s-Gravenhage,addr
2725635467,street,Keukenhoflaan,addr
2725635467,date,2014-10-30,source
2725635467,postcode,2548PB,addr
2725635467,housenumber,80,addr
2725635860,source,BAG,regular
2725635860,city,'s-Gravenhage,addr
2725635860,street,Waterlandsingel,addr
2725635860,date,2014-10-30,source
2725635860,postcode,2548ST,addr
2725635860,housenumber,90,addr
2725636156,source,BAG,regular
2725636156,city,'s-Gravenhage,addr
2725636156,street,Laan van Wateringse Veld,addr
2725636156,date,2014-10-30,source
2725636156,postcode,2548CR,addr
2725636156,housenumber,978,addr
2725697409,source,BAG,regular
2725697409,city,'s-Gravenhage,addr
2725697409,street,Mijlpaal,addr
2725697409,date,2014-10-30,source
2725697409,postcode,2548PS,addr
2725697409,housenumber,12,addr
2725697459,source,BAG,regular
2725697459,city,'s-Gravenhage,addr
2725697459,street,Meerburgstraat,addr
2725697459,date,2014-10-30,source
2725697459,postcode,2548RX,addr
2725697459,housenumber,15,addr
2725697559,source,BAG,regular
2725697559,city,'s-Gravenhage,addr
2725697559,street,Waterlandsingel,addr
2725697559,date,2014-10-30,source
2725697559,postcode,2548TB,addr
2725697559,housenumber,186,addr
2725697681,source,BAG,regular
2725697681,city,'s-Gravenhage,addr
2725697681,street,Luchtenburglaan,addr
2725697681,date,2014-10-30,source
2725697681,postcode,2548RB,addr
2725697681,housenumber,25,addr
2725697999,source,BAG,regular
2725697999,city,'s-Gravenhage,addr
2725697999,street,Sonsbeekstraat,addr
2725697999,date,2014-10-30,source
2725697999,postcode,2548RV,addr
2725697999,housenumber,4,addr
2725698269,source,BAG,regular
2725698269,city,'s-Gravenhage,addr
2725698269,street,Oosteinde,addr
2725698269,date,2014-10-30,source
2725698269,postcode,2548AM,addr
2725698269,housenumber,64F,addr
2725698516,source,BAG,regular
2725698516,city,'s-Gravenhage,addr
2725698516,street,Laan van Wateringse Veld,addr
2725698516,date,2014-10-30,source
2725698516,postcode,2548BR,addr
2725698516,housenumber,951,addr
2725964528,source,BAG,regular
2725964528,city,'s-Gravenhage,addr
2725964528,street,Uilenlaan,addr
2725964528,date,2014-10-30,source
2725964528,postcode,2548AT,addr
2725964528,housenumber,15,addr
2725969088,source,BAG,regular
2725969088,city,'s-Gravenhage,addr
2725969088,street,San Franciscosingel,addr
2725969088,date,2014-10-30,source
2725969088,postcode,2548HS,addr
2725969088,housenumber,38,addr
2725972574,source,BAG,regular
2725972574,city,'s-Gravenhage,addr
2725972574,street,San Franciscosingel,addr
2725972574,date,2014-10-30,source
2725972574,postcode,2548HS,addr
2725972574,housenumber,7,addr
2727304025,source,BAG,regular
2727304025,city,Wateringen,addr
2727304025,street,Poeldijkseweg,addr
2727304025,date,2014-10-30,source
2727304025,postcode,2291GA,addr
2727304025,housenumber,5B,addr
2727395764,source,BAG,regular
2727395764,city,Kwintsheul,addr
2727395764,street,Hollewatering,addr
2727395764,date,2014-10-30,source
2727395764,postcode,2295LW,addr
2727395764,housenumber,17,addr
2727396084,source,BAG,regular
2727396084,city,Kwintsheul,addr
2727396084,street,Groenepad,addr
2727396084,date,2014-10-30,source
2727396084,postcode,2295LZ,addr
2727396084,housenumber,36,addr
2727396709,source,BAG,regular
2727396709,city,Kwintsheul,addr
2727396709,street,Heulweg,addr
2727396709,date,2014-10-30,source
2727396709,postcode,2295KC,addr
2727396709,housenumber,65,addr
2727449533,source,BAG,regular
2727449533,city,Poeldijk,addr
2727449533,street,De Strijp,addr
2727449533,date,2014-10-30,source
2727449533,postcode,2685SH,addr
2727449533,housenumber,3,addr
2727840899,source,BAG,regular
2727840899,city,Poeldijk,addr
2727840899,street,Bernardolaan,addr
2727840899,date,2014-10-30,source
2727840899,postcode,2685WB,addr
2727840899,housenumber,10,addr
2727841127,source,BAG,regular
2727841127,city,Poeldijk,addr
2727841127,street,Jan Barendselaan,addr
2727841127,date,2014-10-30,source
2727841127,postcode,2685BW,addr
2727841127,housenumber,104,addr
2727841400,source,BAG,regular
2727841400,city,Poeldijk,addr
2727841400,street,Rozenstraat,addr
2727841400,date,2014-10-30,source
2727841400,postcode,2685XS,addr
2727841400,housenumber,11,addr
2727841620,source,BAG,regular
2727841620,city,Poeldijk,addr
2727841620,street,Doctor Weitjenslaan,addr
2727841620,date,2014-10-30,source
2727841620,postcode,2685VX,addr
2727841620,housenumber,12,addr
2727841896,source,BAG,regular
2727841896,city,Poeldijk,addr
2727841896,street,Dahliastraat,addr
2727841896,date,2014-10-30,source
2727841896,postcode,2685XV,addr
2727841896,housenumber,13,addr
2727842106,source,BAG,regular
2727842106,city,Poeldijk,addr
2727842106,street,De Backerstraat,addr
2727842106,date,2014-10-30,source
2727842106,postcode,2685TB,addr
2727842106,housenumber,14,addr
2727842478,source,BAG,regular
2727842478,city,Poeldijk,addr
2727842478,street,De Noorderhoek,addr
2727842478,date,2014-10-30,source
2727842478,postcode,2685RJ,addr
2727842478,housenumber,15,addr
2727842760,source,BAG,regular
2727842760,city,Poeldijk,addr
2727842760,street,Frisolaan,addr
2727842760,date,2014-10-30,source
2727842760,postcode,2685VE,addr
2727842760,housenumber,16,addr
2727843055,source,BAG,regular
2727843055,city,Poeldijk,addr
2727843055,street,Nieuwstraat,addr
2727843055,date,2014-10-30,source
2727843055,postcode,2685XM,addr
2727843055,housenumber,17,addr
2727843303,source,BAG,regular
2727843303,city,Poeldijk,addr
2727843303,street,Jan Barendselaan,addr
2727843303,date,2014-10-30,source
2727843303,postcode,2685BX,addr
2727843303,housenumber,182,addr
2727843739,source,BAG,regular
2727843739,city,Poeldijk,addr
2727843739,street,Eliasdreef,addr
2727843739,date,2014-10-30,source
2727843739,postcode,2685RN,addr
2727843739,housenumber,1A,addr
2727844074,source,BAG,regular
2727844074,city,Poeldijk,addr
2727844074,street,Sutoriusstraat,addr
2727844074,date,2014-10-30,source
2727844074,postcode,2685VS,addr
2727844074,housenumber,20,addr
2727844528,source,BAG,regular
2727844528,city,Poeldijk,addr
2727844528,street,Julianastraat,addr
2727844528,date,2014-10-30,source
2727844528,postcode,2685BC,addr
2727844528,housenumber,22,addr
2727844866,source,BAG,regular
2727844866,city,Poeldijk,addr
2727844866,street,Margrietlaan,addr
2727844866,date,2014-10-30,source
2727844866,postcode,2685VG,addr
2727844866,housenumber,24,addr
2727845509,source,BAG,regular
2727845509,city,Poeldijk,addr
2727845509,street,Doctor Weitjenslaan,addr
2727845509,date,2014-10-30,source
2727845509,postcode,2685VX,addr
2727845509,housenumber,26A,addr
2727846055,source,BAG,regular
2727846055,city,Poeldijk,addr
2727846055,street,Doctor Weitjenslaan,addr
2727846055,date,2014-10-30,source
2727846055,postcode,2685VV,addr
2727846055,housenumber,29,addr
2727846737,source,BAG,regular
2727846737,city,Poeldijk,addr
2727846737,street,De Boerstraat,addr
2727846737,date,2014-10-30,source
2727846737,postcode,2685RE,addr
2727846737,housenumber,30,addr
2727847269,source,BAG,regular
2727847269,city,Poeldijk,addr
2727847269,street,Wateringseweg,addr
2727847269,date,2014-10-30,source
2727847269,postcode,2685SR,addr
2727847269,housenumber,32,addr
2727847774,source,BAG,regular
2727847774,city,Poeldijk,addr
2727847774,street,Verburghlaan,addr
2727847774,date,2014-10-30,source
2727847774,postcode,2685TA,addr
2727847774,housenumber,35,addr
2727847980,source,BAG,regular
2727847980,city,Poeldijk,addr
2727847980,street,Beatrixstraat,addr
2727847980,date,2014-10-30,source
2727847980,postcode,2685BG,addr
2727847980,housenumber,39,addr
2727848252,source,BAG,regular
2727848252,city,Poeldijk,addr
2727848252,street,De Backerstraat,addr
2727848252,date,2014-10-30,source
2727848252,postcode,2685TB,addr
2727848252,housenumber,40,addr
2727848502,source,BAG,regular
2727848502,city,Poeldijk,addr
2727848502,street,De Boerstraat,addr
2727848502,date,2014-10-30,source
2727848502,postcode,2685RH,addr
2727848502,housenumber,43,addr
2727848774,source,BAG,regular
2727848774,city,Poeldijk,addr
2727848774,street,Nieuwstraat,addr
2727848774,date,2014-10-30,source
2727848774,postcode,2685XR,addr
2727848774,housenumber,46,addr
2727848981,source,BAG,regular
2727848981,city,Poeldijk,addr
2727848981,street,A.J. van Reststraat,addr
2727848981,date,2014-10-30,source
2727848981,postcode,2685VH,addr
2727848981,housenumber,5,addr
2727849223,source,BAG,regular
2727849223,city,Poeldijk,addr
2727849223,street,Nieuweweg,addr
2727849223,date,2014-10-30,source
2727849223,postcode,2685AR,addr
2727849223,housenumber,51,addr
2727849421,source,BAG,regular
2727849421,city,Poeldijk,addr
2727849421,street,Nieuwstraat,addr
2727849421,date,2014-10-30,source
2727849421,postcode,2685XN,addr
2727849421,housenumber,55,addr
2727849682,source,BAG,regular
2727849682,city,Poeldijk,addr
2727849682,street,A.J. van Reststraat,addr
2727849682,date,2014-10-30,source
2727849682,postcode,2685VJ,addr
2727849682,housenumber,6,addr
2727849858,source,BAG,regular
2727849858,city,Poeldijk,addr
2727849858,street,De Backerstraat,addr
2727849858,date,2014-10-30,source
2727849858,postcode,2685TB,addr
2727849858,housenumber,62,addr
2727849908,source,BAG,regular
2727849908,city,Poeldijk,addr
2727849908,street,Eliasdreef,addr
2727849908,date,2014-10-30,source
2727849908,postcode,2685RN,addr
2727849908,housenumber,67,addr
2727849958,source,BAG,regular
2727849958,city,Poeldijk,addr
2727849958,street,Van Velzenstraat,addr
2727849958,date,2014-10-30,source
2727849958,postcode,2685RB,addr
2727849958,housenumber,7,addr
2727850008,source,BAG,regular
2727850008,city,Poeldijk,addr
2727850008,street,Doctor Weitjenslaan,addr
2727850008,date,2014-10-30,source
2727850008,postcode,2685VW,addr
2727850008,housenumber,75,addr
2727850071,source,BAG,regular
2727850071,city,Poeldijk,addr
2727850071,street,Ottoland,addr
2727850071,date,2014-10-30,source
2727850071,postcode,2685TL,addr
2727850071,housenumber,8,addr
2727850177,source,BAG,regular
2727850177,city,Poeldijk,addr
2727850177,street,De Backerstraat,addr
2727850177,date,2014-10-30,source
2727850177,postcode,2685TD,addr
2727850177,housenumber,87,addr
2727850227,source,BAG,regular
2727850227,city,Poeldijk,addr
2727850227,street,Jan Barendselaan,addr
2727850227,date,2014-10-30,source
2727850227,postcode,2685BV,addr
2727850227,housenumber,90,addr
2730181225,source,BAG,regular
2730181225,city,Poeldijk,addr
2730181225,street,Casembrootlaan,addr
2730181225,date,2014-10-30,source
2730181225,postcode,2685AC,addr
2730181225,housenumber,8,addr
2730823982,source,BAG,regular
2730823982,city,Wateringen,addr
2730823982,street,Van der Meerstraat,addr
2730823982,date,2014-10-30,source
2730823982,postcode,2291RD,addr
2730823982,housenumber,10,addr
2730824372,source,BAG,regular
2730824372,city,Wateringen,addr
2730824372,street,Roelsplantsoen,addr
2730824372,date,2014-10-30,source
2730824372,postcode,2291RK,addr
2730824372,housenumber,12,addr
2730824612,source,BAG,regular
2730824612,city,Wateringen,addr
2730824612,street,Van de Kerckhovestraat,addr
2730824612,date,2014-10-30,source
2730824612,postcode,2291RE,addr
2730824612,housenumber,14,addr
2730825129,source,BAG,regular
2730825129,city,Wateringen,addr
2730825129,street,Mommastraat,addr
2730825129,date,2014-10-30,source
2730825129,postcode,2291RR,addr
2730825129,housenumber,17,addr
2730825659,source,BAG,regular
2730825659,city,Wateringen,addr
2730825659,street,Mommastraat,addr
2730825659,date,2014-10-30,source
2730825659,postcode,2291RR,addr
2730825659,housenumber,2,addr
2730825939,source,BAG,regular
2730825939,city,Wateringen,addr
2730825939,street,Van Doornicksingel,addr
2730825939,date,2014-10-30,source
2730825939,postcode,2291RG,addr
2730825939,housenumber,22,addr
2730826189,source,BAG,regular
2730826189,city,Wateringen,addr
2730826189,street,Anna van Hannoverlaan,addr
2730826189,date,2014-10-30,source
2730826189,postcode,2291ZG,addr
2730826189,housenumber,26,addr
2730826468,source,BAG,regular
2730826468,city,Wateringen,addr
2730826468,street,Van der Does de Willeboisstraat,addr
2730826468,date,2014-10-30,source
2730826468,postcode,2291PX,addr
2730826468,housenumber,29,addr
2730826657,source,BAG,regular
2730826657,city,Wateringen,addr
2730826657,street,Verhoevenstraat,addr
2730826657,date,2014-10-30,source
2730826657,postcode,2291RN,addr
2730826657,housenumber,31,addr
2730827013,source,BAG,regular
2730827013,city,Wateringen,addr
2730827013,street,Vlietlaan,addr
2730827013,date,2014-10-30,source
2730827013,postcode,2291AZ,addr
2730827013,housenumber,35,addr
2730827131,source,BAG,regular
2730827131,city,Wateringen,addr
2730827131,street,Tieratesstraat,addr
2730827131,date,2014-10-30,source
2730827131,postcode,2291ZJ,addr
2730827131,housenumber,4,addr
2730827224,source,BAG,regular
2730827224,city,Wateringen,addr
2730827224,street,Mommastraat,addr
2730827224,date,2014-10-30,source
2730827224,postcode,2291RR,addr
2730827224,housenumber,44,addr
2730827314,source,BAG,regular
2730827314,city,Wateringen,addr
2730827314,street,Vlietlaan,addr
2730827314,date,2014-10-30,source
2730827314,postcode,2291AX,addr
2730827314,housenumber,5,addr
2730827380,source,BAG,regular
2730827380,city,Wateringen,addr
2730827380,street,Van Gochstraat,addr
2730827380,date,2014-10-30,source
2730827380,postcode,2291RJ,addr
2730827380,housenumber,59,addr
2730827454,source,BAG,regular
2730827454,city,Wateringen,addr
2730827454,street,Van Gochstraat,addr
2730827454,date,2014-10-30,source
2730827454,postcode,2291RJ,addr
2730827454,housenumber,67,addr
2730827518,source,BAG,regular
2730827518,city,Wateringen,addr
2730827518,street,Murraijstraat,addr
2730827518,date,2014-10-30,source
2730827518,postcode,2291PZ,addr
2730827518,housenumber,76,addr
2730827579,source,BAG,regular
2730827579,city,Wateringen,addr
2730827579,street,Bakkershof,addr
2730827579,date,2014-10-30,source
2730827579,postcode,2291DE,addr
2730827579,housenumber,82,addr
2730888471,source,BAG,regular
2730888471,city,Wateringen,addr
2730888471,street,Plein,addr
2730888471,date,2014-10-30,source
2730888471,postcode,2291CA,addr
2730888471,housenumber,11,addr
2730888811,source,BAG,regular
2730888811,city,Wateringen,addr
2730888811,street,Hofwijk,addr
2730888811,date,2014-10-30,source
2730888811,postcode,2291CR,addr
2730888811,housenumber,15,addr
2730889185,source,BAG,regular
2730889185,city,Wateringen,addr
2730889185,street,Hofzicht,addr
2730889185,date,2014-10-30,source
2730889185,postcode,2291CP,addr
2730889185,housenumber,20,addr
2730889397,source,BAG,regular
2730889397,city,Wateringen,addr
2730889397,street,Vliethof,addr
2730889397,date,2014-10-30,source
2730889397,postcode,2291RX,addr
2730889397,housenumber,27,addr
2730889617,source,BAG,regular
2730889617,city,Wateringen,addr
2730889617,street,Struyck van Bergenstraat,addr
2730889617,date,2014-10-30,source
2730889617,postcode,2291RW,addr
2730889617,housenumber,36,addr
2730889689,source,BAG,regular
2730889689,city,Wateringen,addr
2730889689,street,Achter het Plein,addr
2730889689,date,2014-10-30,source
2730889689,postcode,2291CV,addr
2730889689,housenumber,5,addr
2730889801,source,BAG,regular
2730889801,city,Wateringen,addr
2730889801,street,Kerklaan,addr
2730889801,date,2014-10-30,source
2730889801,postcode,2291CD,addr
2730889801,housenumber,5L,addr
2730889889,source,BAG,regular
2730889889,city,Wateringen,addr
2730889889,street,Hofwijk,addr
2730889889,date,2014-10-30,source
2730889889,postcode,2291CR,addr
2730889889,housenumber,7,addr
2730889951,source,BAG,regular
2730889951,city,Wateringen,addr
2730889951,street,Plein,addr
2730889951,date,2014-10-30,source
2730889951,postcode,2291CC,addr
2730889951,housenumber,82,addr
2730923308,source,BAG,regular
2730923308,city,Wateringen,addr
2730923308,street,Blauwe Akelei,addr
2730923308,date,2014-10-30,source
2730923308,postcode,2291GH,addr
2730923308,housenumber,1,addr
2730923489,source,BAG,regular
2730923489,city,Wateringen,addr
2730923489,street,Harry Hoekstraat,addr
2730923489,date,2014-10-30,source
2730923489,postcode,2291ST,addr
2730923489,housenumber,114,addr
2730923671,source,BAG,regular
2730923671,city,Wateringen,addr
2730923671,street,Doctor Ariensstraat,addr
2730923671,date,2014-10-30,source
2730923671,postcode,2291TC,addr
2730923671,housenumber,14,addr
2730923756,source,BAG,regular
2730923756,city,Wateringen,addr
2730923756,street,Rozemarijn,addr
2730923756,date,2014-10-30,source
2730923756,postcode,2291GN,addr
2730923756,housenumber,163,addr
2730923921,source,BAG,regular
2730923921,city,Wateringen,addr
2730923921,street,Irenestraat,addr
2730923921,date,2014-10-30,source
2730923921,postcode,2291TG,addr
2730923921,housenumber,19,addr
2730923974,source,BAG,regular
2730923974,city,Wateringen,addr
2730923974,street,Kerklaan,addr
2730923974,date,2014-10-30,source
2730923974,postcode,2291CH,addr
2730923974,housenumber,22E,addr
2730924121,source,BAG,regular
2730924121,city,Wateringen,addr
2730924121,street,Kerklaan,addr
2730924121,date,2014-10-30,source
2730924121,postcode,2291CH,addr
2730924121,housenumber,26D,addr
2730924221,source,BAG,regular
2730924221,city,Wateringen,addr
2730924221,street,De Meibloem,addr
2730924221,date,2014-10-30,source
2730924221,postcode,2291GR,addr
2730924221,housenumber,31,addr
2730924343,source,BAG,regular
2730924343,city,Wateringen,addr
2730924343,street,Doctor Ariensstraat,addr
2730924343,date,2014-10-30,source
2730924343,postcode,2291TC,addr
2730924343,housenumber,4,addr
2730924439,source,BAG,regular
2730924439,city,Wateringen,addr
2730924439,street,Irenestraat,addr
2730924439,date,2014-10-30,source
2730924439,postcode,2291TG,addr
2730924439,housenumber,5,addr
2730924575,source,BAG,regular
2730924575,city,Wateringen,addr
2730924575,street,Wilhelminastraat,addr
2730924575,date,2014-10-30,source
2730924575,postcode,2291TZ,addr
2730924575,housenumber,6,addr
2730924680,source,BAG,regular
2730924680,city,Wateringen,addr
2730924680,street,Amaliaplein,addr
2730924680,date,2014-10-30,source
2730924680,postcode,2291SW,addr
2730924680,housenumber,8,addr
2730953049,source,BAG,regular
2730953049,city,Wateringen,addr
2730953049,street,Gaelstraat,addr
2730953049,date,2014-10-30,source
2730953049,postcode,2291SH,addr
2730953049,housenumber,10,addr
2730953155,source,BAG,regular
2730953155,city,Wateringen,addr
2730953155,street,Pieter van der Plasstraat,addr
2730953155,date,2014-10-30,source
2730953155,postcode,2291SE,addr
2730953155,housenumber,14,addr
2730953271,source,BAG,regular
2730953271,city,Wateringen,addr
2730953271,street,Harry Hoekstraat,addr
2730953271,date,2014-10-30,source
2730953271,postcode,2291SK,addr
2730953271,housenumber,25,addr
2730953421,source,BAG,regular
2730953421,city,Wateringen,addr
2730953421,street,Gaelstraat,addr
2730953421,date,2014-10-30,source
2730953421,postcode,2291SJ,addr
2730953421,housenumber,36,addr
2730953540,source,BAG,regular
2730953540,city,Wateringen,addr
2730953540,street,Harry Hoekstraat,addr
2730953540,date,2014-10-30,source
2730953540,postcode,2291SR,addr
2730953540,housenumber,54,addr
2730953625,source,BAG,regular
2730953625,city,Wateringen,addr
2730953625,street,Rozemarijn,addr
2730953625,date,2014-10-30,source
2730953625,postcode,2291GK,addr
2730953625,housenumber,77E,addr
2730978888,source,BAG,regular
2730978888,city,Wateringen,addr
2730978888,street,De Beemd,addr
2730978888,date,2014-10-30,source
2730978888,postcode,2291VZ,addr
2730978888,housenumber,14,addr
2730979042,source,BAG,regular
2730979042,city,Wateringen,addr
2730979042,street,Liesveld,addr
2730979042,date,2014-10-30,source
2730979042,postcode,2291VM,addr
2730979042,housenumber,19,addr
2730979144,source,BAG,regular
2730979144,city,Wateringen,addr
2730979144,street,Pleinwand,addr
2730979144,date,2014-10-30,source
2730979144,postcode,2291DB,addr
2730979144,housenumber,27,addr
2730979288,source,BAG,regular
2730979288,city,Wateringen,addr
2730979288,street,Dorpskade,addr
2730979288,date,2014-10-30,source
2730979288,postcode,2291HR,addr
2730979288,housenumber,34A,addr
2730979353,source,BAG,regular
2730979353,city,Wateringen,addr
2730979353,street,Liesveld,addr
2730979353,date,2014-10-30,source
2730979353,postcode,2291VM,addr
2730979353,housenumber,5,addr
2730979516,source,BAG,regular
2730979516,city,Wateringen,addr
2730979516,street,De Beemd,addr
2730979516,date,2014-10-30,source
2730979516,postcode,2291VZ,addr
2730979516,housenumber,8,addr
2731011831,source,BAG,regular
2731011831,city,Wateringen,addr
2731011831,street,De Colman,addr
2731011831,date,2014-10-30,source
2731011831,postcode,2291JK,addr
2731011831,housenumber,13,addr
2731011952,source,BAG,regular
2731011952,city,Wateringen,addr
2731011952,street,De Frankenthaler,addr
2731011952,date,2014-10-30,source
2731011952,postcode,2291JD,addr
2731011952,housenumber,20,addr
2731012002,source,BAG,regular
2731012002,city,Wateringen,addr
2731012002,street,Arkpaviljoen,addr
2731012002,date,2014-10-30,source
2731012002,postcode,2291BR,addr
2731012002,housenumber,3,addr
2731012117,source,BAG,regular
2731012117,city,Wateringen,addr
2731012117,street,De Colman,addr
2731012117,date,2014-10-30,source
2731012117,postcode,2291JL,addr
2731012117,housenumber,41,addr
2731012414,source,BAG,regular
2731012414,city,Wateringen,addr
2731012414,street,De Maroc,addr
2731012414,date,2014-10-30,source
2731012414,postcode,2291JX,addr
2731012414,housenumber,55,addr
2731012663,source,BAG,regular
2731012663,city,Wateringen,addr
2731012663,street,Waterpark,addr
2731012663,date,2014-10-30,source
2731012663,postcode,2291AK,addr
2731012663,housenumber,7,addr
2731012949,source,BAG,regular
2731012949,city,Wateringen,addr
2731012949,street,Herenstraat,addr
2731012949,date,2014-10-30,source
2731012949,postcode,2291BD,addr
2731012949,housenumber,85K-112,addr
2731013003,source,BAG,regular
2731013003,city,Wateringen,addr
2731013003,street,Herenstraat,addr
2731013003,date,2014-10-30,source
2731013003,postcode,2291BD,addr
2731013003,housenumber,85K-307,addr
2731024573,source,BAG,regular
2731024573,city,Wateringen,addr
2731024573,street,Oostblok,addr
2731024573,date,2014-10-30,source
2731024573,postcode,2291XK,addr
2731024573,housenumber,10,addr
2731024794,source,BAG,regular
2731024794,city,Wateringen,addr
2731024794,street,Tijmensblok,addr
2731024794,date,2014-10-30,source
2731024794,postcode,2291XZ,addr
2731024794,housenumber,12,addr
2731025076,source,BAG,regular
2731025076,city,Wateringen,addr
2731025076,street,Oostblok,addr
2731025076,date,2014-10-30,source
2731025076,postcode,2291XK,addr
2731025076,housenumber,14F,addr
2731025315,source,BAG,regular
2731025315,city,Wateringen,addr
2731025315,street,Lenteblok,addr
2731025315,date,2014-10-30,source
2731025315,postcode,2291VC,addr
2731025315,housenumber,163,addr
2731025530,source,BAG,regular
2731025530,city,Wateringen,addr
2731025530,street,De Maroc,addr
2731025530,date,2014-10-30,source
2731025530,postcode,2291JZ,addr
2731025530,housenumber,2,addr
2731025580,source,BAG,regular
2731025580,city,Wateringen,addr
2731025580,street,Oostblok,addr
2731025580,date,2014-10-30,source
2731025580,postcode,2291XH,addr
2731025580,housenumber,23,addr
2731025630,source,BAG,regular
2731025630,city,Wateringen,addr
2731025630,street,Het Tolland,addr
2731025630,date,2014-10-30,source
2731025630,postcode,2291VR,addr
2731025630,housenumber,29,addr
2731025680,source,BAG,regular
2731025680,city,Wateringen,addr
2731025680,street,De Muscaat,addr
2731025680,date,2014-10-30,source
2731025680,postcode,2291JJ,addr
2731025680,housenumber,33,addr
2731025746,source,BAG,regular
2731025746,city,Wateringen,addr
2731025746,street,Lenteblok,addr
2731025746,date,2014-10-30,source
2731025746,postcode,2291VD,addr
2731025746,housenumber,4,addr
2731025796,source,BAG,regular
2731025796,city,Wateringen,addr
2731025796,street,Hoekblok,addr
2731025796,date,2014-10-30,source
2731025796,postcode,2291XX,addr
2731025796,housenumber,46,addr
2731025846,source,BAG,regular
2731025846,city,Wateringen,addr
2731025846,street,Westblok,addr
2731025846,date,2014-10-30,source
2731025846,postcode,2291XC,addr
2731025846,housenumber,52,addr
2731025898,source,BAG,regular
2731025898,city,Wateringen,addr
2731025898,street,Dorpskade,addr
2731025898,date,2014-10-30,source
2731025898,postcode,2291HS,addr
2731025898,housenumber,60,addr
2731025948,source,BAG,regular
2731025948,city,Wateringen,addr
2731025948,street,Lenteblok,addr
2731025948,date,2014-10-30,source
2731025948,postcode,2291VB,addr
2731025948,housenumber,69,addr
2731026006,source,BAG,regular
2731026006,city,Wateringen,addr
2731026006,street,Westblok,addr
2731026006,date,2014-10-30,source
2731026006,postcode,2291XA,addr
2731026006,housenumber,8,addr
2731026105,source,BAG,regular
2731026105,city,Wateringen,addr
2731026105,street,Guldeland,addr
2731026105,date,2014-10-30,source
2731026105,postcode,2291VJ,addr
2731026105,housenumber,95,addr
2731049912,source,BAG,regular
2731049912,city,Wateringen,addr
2731049912,street,Auberginepad,addr
2731049912,date,2014-10-30,source
2731049912,postcode,2292AK,addr
2731049912,housenumber,1,addr
2731050188,source,BAG,regular
2731050188,city,Wateringen,addr
2731050188,street,Frambozenpad,addr
2731050188,date,2014-10-30,source
2731050188,postcode,2292BE,addr
2731050188,housenumber,10,addr
2731050470,source,BAG,regular
2731050470,city,Wateringen,addr
2731050470,street,Orchideehof,addr
2731050470,date,2014-10-30,source
2731050470,postcode,2292DM,addr
2731050470,housenumber,11,addr
2731050723,source,BAG,regular
2731050723,city,Wateringen,addr
2731050723,street,Saliestraat,addr
2731050723,date,2014-10-30,source
2731050723,postcode,2292CR,addr
2731050723,housenumber,12,addr
2731051042,source,BAG,regular
2731051042,city,Wateringen,addr
2731051042,street,Abrikozenplein,addr
2731051042,date,2014-10-30,source
2731051042,postcode,2292BK,addr
2731051042,housenumber,14,addr
2731051331,source,BAG,regular
2731051331,city,Wateringen,addr
2731051331,street,Orchideehof,addr
2731051331,date,2014-10-30,source
2731051331,postcode,2292DM,addr
2731051331,housenumber,15,addr
2731051718,source,BAG,regular
2731051718,city,Wateringen,addr
2731051718,street,Perzikenpad,addr
2731051718,date,2014-10-30,source
2731051718,postcode,2292BL,addr
2731051718,housenumber,17,addr
2731052046,source,BAG,regular
2731052046,city,Wateringen,addr
2731052046,street,Anijsstraat,addr
2731052046,date,2014-10-30,source
2731052046,postcode,2292CM,addr
2731052046,housenumber,2,addr
2731052382,source,BAG,regular
2731052382,city,Wateringen,addr
2731052382,street,Groentelaan,addr
2731052382,date,2014-10-30,source
2731052382,postcode,2292AE,addr
2731052382,housenumber,20,addr
2731052650,source,BAG,regular
2731052650,city,Wateringen,addr
2731052650,street,Komkommerstraat,addr
2731052650,date,2014-10-30,source
2731052650,postcode,2292AB,addr
2731052650,housenumber,23,addr
2731052959,source,BAG,regular
2731052959,city,Wateringen,addr
2731052959,street,Zonnebloemstraat,addr
2731052959,date,2014-10-30,source
2731052959,postcode,2292DJ,addr
2731052959,housenumber,26,addr
2731053201,source,BAG,regular
2731053201,city,Wateringen,addr
2731053201,street,Druivenhof,addr
2731053201,date,2014-10-30,source
2731053201,postcode,2292BG,addr
2731053201,housenumber,3,addr
2731053413,source,BAG,regular
2731053413,city,Wateringen,addr
2731053413,street,Zonnebloemstraat,addr
2731053413,date,2014-10-30,source
2731053413,postcode,2292DH,addr
2731053413,housenumber,31,addr
2731053703,source,BAG,regular
2731053703,city,Wateringen,addr
2731053703,street,Bloemenlaan,addr
2731053703,date,2014-10-30,source
2731053703,postcode,2292DA,addr
2731053703,housenumber,37,addr
2731054131,source,BAG,regular
2731054131,city,Wateringen,addr
2731054131,street,Perenpad,addr
2731054131,date,2014-10-30,source
2731054131,postcode,2292BM,addr
2731054131,housenumber,4,addr
2731054604,source,BAG,regular
2731054604,city,Wateringen,addr
2731054604,street,Bloemenlaan,addr
2731054604,date,2014-10-30,source
2731054604,postcode,2292DB,addr
2731054604,housenumber,46,addr
2731054967,source,BAG,regular
2731054967,city,Wateringen,addr
2731054967,street,Pepermuntstraat,addr
2731054967,date,2014-10-30,source
2731054967,postcode,2292CT,addr
2731054967,housenumber,5,addr
2731055067,source,BAG,regular
2731055067,city,Wateringen,addr
2731055067,street,Anemoonhof,addr
2731055067,date,2014-10-30,source
2731055067,postcode,2292DP,addr
2731055067,housenumber,6,addr
2731055207,source,BAG,regular
2731055207,city,Wateringen,addr
2731055207,street,Fruitlaan,addr
2731055207,date,2014-10-30,source
2731055207,postcode,2292BC,addr
2731055207,housenumber,64,addr
2731055303,source,BAG,regular
2731055303,city,Wateringen,addr
2731055303,street,Waterkersstraat,addr
2731055303,date,2014-10-30,source
2731055303,postcode,2292CS,addr
2731055303,housenumber,7,addr
2731055411,source,BAG,regular
2731055411,city,Wateringen,addr
2731055411,street,Peterseliestraat,addr
2731055411,date,2014-10-30,source
2731055411,postcode,2292CB,addr
2731055411,housenumber,8,addr
2731055534,source,BAG,regular
2731055534,city,Wateringen,addr
2731055534,street,Perenpad,addr
2731055534,date,2014-10-30,source
2731055534,postcode,2292BM,addr
2731055534,housenumber,9,addr
2731119195,source,BAG,regular
2731119195,city,Wateringen,addr
2731119195,street,Koningsspil,addr
2731119195,date,2014-10-30,source
2731119195,postcode,2291MB,addr
2731119195,housenumber,1,addr
2731119351,source,BAG,regular
2731119351,city,Wateringen,addr
2731119351,street,Koningsspil,addr
2731119351,date,2014-10-30,source
2731119351,postcode,2291MB,addr
2731119351,housenumber,11,addr
2731119483,source,BAG,regular
2731119483,city,Wateringen,addr
2731119483,street,Windmolen,addr
2731119483,date,2014-10-30,source
2731119483,postcode,2291KS,addr
2731119483,housenumber,128,addr
2731119594,source,BAG,regular
2731119594,city,Wateringen,addr
2731119594,street,Windmolen,addr
2731119594,date,2014-10-30,source
2731119594,postcode,2291KS,addr
2731119594,housenumber,146,addr
2731119747,source,BAG,regular
2731119747,city,Wateringen,addr
2731119747,street,Windmolen,addr
2731119747,date,2014-10-30,source
2731119747,postcode,2291KS,addr
2731119747,housenumber,172,addr
2731119909,source,BAG,regular
2731119909,city,Wateringen,addr
2731119909,street,Kruilier,addr
2731119909,date,2014-10-30,source
2731119909,postcode,2291MK,addr
2731119909,housenumber,20,addr
2731120074,source,BAG,regular
2731120074,city,Wateringen,addr
2731120074,street,Heulweg,addr
2731120074,date,2014-10-30,source
2731120074,postcode,2291BZ,addr
2731120074,housenumber,24A,addr
2731120224,source,BAG,regular
2731120224,city,Wateringen,addr
2731120224,street,Boog,addr
2731120224,date,2014-10-30,source
2731120224,postcode,2291MG,addr
2731120224,housenumber,3,addr
2731120577,source,BAG,regular
2731120577,city,Wateringen,addr
2731120577,street,Heulweg,addr
2731120577,date,2014-10-30,source
2731120577,postcode,2291BZ,addr
2731120577,housenumber,34A,addr
2731120942,source,BAG,regular
2731120942,city,Wateringen,addr
2731120942,street,Lange Spruit,addr
2731120942,date,2014-10-30,source
2731120942,postcode,2291LB,addr
2731120942,housenumber,42,addr
2731121330,source,BAG,regular
2731121330,city,Wateringen,addr
2731121330,street,Spantring,addr
2731121330,date,2014-10-30,source
2731121330,postcode,2291LJ,addr
2731121330,housenumber,51,addr
2731121663,source,BAG,regular
2731121663,city,Wateringen,addr
2731121663,street,Lange Spruit,addr
2731121663,date,2014-10-30,source
2731121663,postcode,2291LZ,addr
2731121663,housenumber,65,addr
2731121879,source,BAG,regular
2731121879,city,Wateringen,addr
2731121879,street,Windmolen,addr
2731121879,date,2014-10-30,source
2731121879,postcode,2291KT,addr
2731121879,housenumber,78,addr
2731122075,source,BAG,regular
2731122075,city,Wateringen,addr
2731122075,street,Kaapstander,addr
2731122075,date,2014-10-30,source
2731122075,postcode,2291MD,addr
2731122075,housenumber,9,addr
2731194108,source,BAG,regular
2731194108,city,Wateringen,addr
2731194108,street,Mosveen,addr
2731194108,date,2014-10-30,source
2731194108,postcode,2291NK,addr
2731194108,housenumber,1,addr
2731194334,source,BAG,regular
2731194334,city,Wateringen,addr
2731194334,street,Middenweg,addr
2731194334,date,2014-10-30,source
2731194334,postcode,2291HX,addr
2731194334,housenumber,12,addr
2731194821,source,BAG,regular
2731194821,city,Wateringen,addr
2731194821,street,Randveen,addr
2731194821,date,2014-10-30,source
2731194821,postcode,2291NM,addr
2731194821,housenumber,15,addr
2731195025,source,BAG,regular
2731195025,city,Wateringen,addr
2731195025,street,'s-Gravenzandseweg,addr
2731195025,date,2014-10-30,source
2731195025,postcode,2291PE,addr
2731195025,housenumber,18M,addr
2731195260,source,BAG,regular
2731195260,city,Wateringen,addr
2731195260,street,Rietveen,addr
2731195260,date,2014-10-30,source
2731195260,postcode,2291NJ,addr
2731195260,housenumber,20,addr
2731195485,source,BAG,regular
2731195485,city,Wateringen,addr
2731195485,street,Mosveen,addr
2731195485,date,2014-10-30,source
2731195485,postcode,2291NK,addr
2731195485,housenumber,25,addr
2731195735,source,BAG,regular
2731195735,city,Wateringen,addr
2731195735,street,Woudveen,addr
2731195735,date,2014-10-30,source
2731195735,postcode,2291ND,addr
2731195735,housenumber,3,addr
2731195991,source,BAG,regular
2731195991,city,Wateringen,addr
2731195991,street,'s-Gravenzandseweg,addr
2731195991,date,2014-10-30,source
2731195991,postcode,2291PE,addr
2731195991,housenumber,4,addr
2731196463,source,BAG,regular
2731196463,city,Wateringen,addr
2731196463,street,Maaslandseweg,addr
2731196463,date,2014-10-30,source
2731196463,postcode,2291PH,addr
2731196463,housenumber,4A,addr
2731196700,source,BAG,regular
2731196700,city,Wateringen,addr
2731196700,street,Naaldwijkseweg,addr
2731196700,date,2014-10-30,source
2731196700,postcode,2291PA,addr
2731196700,housenumber,5B,addr
2731197023,source,BAG,regular
2731197023,city,Wateringen,addr
2731197023,street,'s-Gravenzandseweg,addr
2731197023,date,2014-10-30,source
2731197023,postcode,2291PE,addr
2731197023,housenumber,62H,addr
2731197610,source,BAG,regular
2731197610,city,Wateringen,addr
2731197610,street,Naaldwijkseweg,addr
2731197610,date,2014-10-30,source
2731197610,postcode,2291PA,addr
2731197610,housenumber,72,addr
2731198276,source,BAG,regular
2731198276,city,Wateringen,addr
2731198276,street,Naaldwijkseweg,addr
2731198276,date,2014-10-30,source
2731198276,postcode,2291PA,addr
2731198276,housenumber,86B,addr
2731237796,source,BAG,regular
2731237796,city,Wateringen,addr
2731237796,street,Barbier,addr
2731237796,date,2014-10-30,source
2731237796,postcode,2292JP,addr
2731237796,housenumber,2,addr
2731237855,source,BAG,regular
2731237855,city,Wateringen,addr
2731237855,street,Turfschipper,addr
2731237855,date,2014-10-30,source
2731237855,postcode,2292JA,addr
2731237855,housenumber,38,addr
2731237905,source,BAG,regular
2731237905,city,Wateringen,addr
2731237905,street,Klopperman,addr
2731237905,date,2014-10-30,source
2731237905,postcode,2292JD,addr
2731237905,housenumber,60,addr
2731483141,source,BAG,regular
2731483141,city,'s-Gravenhage,addr
2731483141,street,Poeldijkseweg,addr
2731483141,date,2014-10-30,source
2731483141,postcode,2544NS,addr
2731483141,housenumber,47T,addr
2732215392,name,van der Drift,regular
2732215392,shop,garden_centre,regular
2732215392,phone,+31174270747,regular
2732215392,source,BAG and survey,regular
2732215392,website,http://www.vanderdrift.nl,regular
2732215392,city,Wateringen,addr
2732215392,street,Dorpskade,addr
2732215392,date,2014-10-30,source
2732215392,postcode,2291HT,addr
2732215392,housenumber,100,addr
2732215662,source,BAG,regular
2732215662,city,Schipluiden,addr
2732215662,street,Woudseweg,addr
2732215662,date,2014-10-30,source
2732215662,postcode,2636AW,addr
2732215662,housenumber,164,addr
2732216049,source,BAG,regular
2732216049,city,Den Hoorn,addr
2732216049,street,Veenakkerweg,addr
2732216049,date,2014-10-30,source
2732216049,postcode,2635NC,addr
2732216049,housenumber,25,addr
2732216327,source,BAG,regular
2732216327,city,Den Hoorn,addr
2732216327,street,Zwethkade Zuid,addr
2732216327,date,2014-10-30,source
2732216327,postcode,2635CW,addr
2732216327,housenumber,40,addr
2732216720,source,BAG,regular
2732216720,city,Schipluiden,addr
2732216720,street,'t Woudt,addr
2732216720,date,2014-10-30,source
2732216720,postcode,2636HD,addr
2732216720,housenumber,8,addr
2732288360,source,BAG,regular
2732288360,city,Schipluiden,addr
2732288360,street,Rijksstraatweg,addr
2732288360,date,2014-10-30,source
2732288360,postcode,2636AX,addr
2732288360,housenumber,28,addr
2732432445,name,HV Schipluiden,regular
2732432445,phone,+31153808357,regular
2732432445,source,BAG;survey,regular
2732432445,website,http://hvschipluiden.nl/,regular
2732432445,city,Schipluiden,addr
2732432445,street,Tiendweg,addr
2732432445,date,2014-10-30,source
2732432445,postcode,2636HH,addr
2732432445,housenumber,1,addr
2732432745,source,BAG,regular
2732432745,city,Schipluiden,addr
2732432745,street,Tramkade,addr
2732432745,date,2014-10-30,source
2732432745,postcode,2636CT,addr
2732432745,housenumber,32,addr
2732481688,source,BAG,regular
2732481688,city,Schipluiden,addr
2732481688,street,Zouteveenseweg,addr
2732481688,date,2014-10-30,source
2732481688,postcode,2636EH,addr
2732481688,housenumber,22,addr
2732481850,source,BAG,regular
2732481850,city,Schipluiden,addr
2732481850,street,Willemsoordseweg,addr
2732481850,date,2014-10-30,source
2732481850,postcode,2636EA,addr
2732481850,housenumber,9,addr
2732536256,source,BAG,regular
2732536256,city,Schipluiden,addr
2732536256,street,Willem van Steenberchstraat,addr
2732536256,date,2014-10-30,source
2732536256,postcode,2636HK,addr
2732536256,housenumber,11,addr
2732536458,source,BAG,regular
2732536458,city,Schipluiden,addr
2732536458,street,Kasteellaan,addr
2732536458,date,2014-10-30,source
2732536458,postcode,2636HW,addr
2732536458,housenumber,17,addr
2732536592,source,BAG,regular
2732536592,city,Schipluiden,addr
2732536592,street,Singel,addr
2732536592,date,2014-10-30,source
2732536592,postcode,2636CS,addr
2732536592,housenumber,25,addr
2732536703,source,BAG,regular
2732536703,city,Schipluiden,addr
2732536703,street,Anna van Raesfeltstraat,addr
2732536703,date,2014-10-30,source
2732536703,postcode,2636HX,addr
2732536703,housenumber,38,addr
2732536853,source,BAG,regular
2732536853,city,Schipluiden,addr
2732536853,street,Anna van Raesfeltstraat,addr
2732536853,date,2014-10-30,source
2732536853,postcode,2636HX,addr
2732536853,housenumber,6,addr
2732536989,source,BAG,regular
2732536989,city,Schipluiden,addr
2732536989,street,Beatrix van Schagenlaan,addr
2732536989,date,2014-10-30,source
2732536989,postcode,2636HS,addr
2732536989,housenumber,8,addr
2732576666,source,BAG,regular
2732576666,city,Schipluiden,addr
2732576666,street,Schippershof,addr
2732576666,date,2014-10-30,source
2732576666,postcode,2636DL,addr
2732576666,housenumber,1,addr
2732576762,source,BAG,regular
2732576762,city,Schipluiden,addr
2732576762,street,Westlander,addr
2732576762,date,2014-10-30,source
2732576762,postcode,2636CZ,addr
2732576762,housenumber,12,addr
2732576870,source,BAG,regular
2732576870,city,Schipluiden,addr
2732576870,street,Dorpsstraat,addr
2732576870,date,2014-10-30,source
2732576870,postcode,2636CD,addr
2732576870,housenumber,17,addr
2732577054,source,BAG,regular
2732577054,city,Schipluiden,addr
2732577054,street,Tjalk,addr
2732577054,date,2014-10-30,source
2732577054,postcode,2636DA,addr
2732577054,housenumber,23,addr
2732577184,source,BAG,regular
2732577184,city,Schipluiden,addr
2732577184,street,Westlander,addr
2732577184,date,2014-10-30,source
2732577184,postcode,2636CW,addr
2732577184,housenumber,3,addr
2732577281,source,BAG,regular
2732577281,city,Schipluiden,addr
2732577281,street,Bark,addr
2732577281,date,2014-10-30,source
2732577281,postcode,2636DD,addr
2732577281,housenumber,4,addr
2732577399,source,BAG,regular
2732577399,city,Schipluiden,addr
2732577399,street,Tjalk,addr
2732577399,date,2014-10-30,source
2732577399,postcode,2636DA,addr
2732577399,housenumber,5,addr
2732577629,source,BAG,regular
2732577629,city,Schipluiden,addr
2732577629,street,Tjalk,addr
2732577629,date,2014-10-30,source
2732577629,postcode,2636DB,addr
2732577629,housenumber,61,addr
2732577761,source,BAG,regular
2732577761,city,Schipluiden,addr
2732577761,street,Brugstraat,addr
2732577761,date,2014-10-30,source
2732577761,postcode,2636CK,addr
2732577761,housenumber,8,addr
2732577968,source,BAG,regular
2732577968,city,Schipluiden,addr
2732577968,street,Westlander,addr
2732577968,date,2014-10-30,source
2732577968,postcode,2636DZ,addr
2732577968,housenumber,96,addr
2732677319,source,BAG,regular
2732677319,city,Schipluiden,addr
2732677319,street,H.K. Pootplein,addr
2732677319,date,2014-10-30,source
2732677319,postcode,2636GJ,addr
2732677319,housenumber,10,addr
2732677381,source,BAG,regular
2732677381,city,Schipluiden,addr
2732677381,street,Prunusstraat,addr
2732677381,date,2014-10-30,source
2732677381,postcode,2636BE,addr
2732677381,housenumber,11b,addr
2732677531,source,BAG,regular
2732677531,city,Schipluiden,addr
2732677531,street,Bovenkruier,addr
2732677531,date,2014-10-30,source
2732677531,postcode,2636JD,addr
2732677531,housenumber,14,addr
2732677624,source,BAG,regular
2732677624,city,Schipluiden,addr
2732677624,street,Veldvreugd,addr
2732677624,date,2014-10-30,source
2732677624,postcode,2636JJ,addr
2732677624,housenumber,15a-135,addr
2732677725,source,BAG,regular
2732677725,city,Schipluiden,addr
2732677725,street,Goudenregenstraat,addr
2732677725,date,2014-10-30,source
2732677725,postcode,2636BH,addr
2732677725,housenumber,16,addr
2732677775,source,BAG,regular
2732677775,city,Schipluiden,addr
2732677775,street,Burgemeester Musquetiersingel,addr
2732677775,date,2014-10-30,source
2732677775,postcode,2636GD,addr
2732677775,housenumber,19,addr
2732677825,source,BAG,regular
2732677825,city,Schipluiden,addr
2732677825,street,Doctor F.H. Reijnderslaan,addr
2732677825,date,2014-10-30,source
2732677825,postcode,2636CA,addr
2732677825,housenumber,20,addr
2732677985,source,BAG,regular
2732677985,city,Schipluiden,addr
2732677985,street,Meidoornstraat,addr
2732677985,date,2014-10-30,source
2732677985,postcode,2636BJ,addr
2732677985,housenumber,23,addr
2732678185,source,BAG,regular
2732678185,city,Schipluiden,addr
2732678185,street,Meidoornstraat,addr
2732678185,date,2014-10-30,source
2732678185,postcode,2636BJ,addr
2732678185,housenumber,27,addr
2732678235,source,BAG,regular
2732678235,city,Schipluiden,addr
2732678235,street,Vlaardingsekade,addr
2732678235,date,2014-10-30,source
2732678235,postcode,2636BA,addr
2732678235,housenumber,3,addr
2732678285,source,BAG,regular
2732678285,city,Schipluiden,addr
2732678285,street,Holierhoek,addr
2732678285,date,2014-10-30,source
2732678285,postcode,2636EK,addr
2732678285,housenumber,38,addr
2732678335,source,BAG,regular
2732678335,city,Schipluiden,addr
2732678335,street,Holierhoek,addr
2732678335,date,2014-10-30,source
2732678335,postcode,2636EK,addr
2732678335,housenumber,42,addr
2732678577,source,BAG,regular
2732678577,city,Schipluiden,addr
2732678577,street,Prunusstraat,addr
2732678577,date,2014-10-30,source
2732678577,postcode,2636BE,addr
2732678577,housenumber,5,addr
2732678627,source,BAG,regular
2732678627,city,Schipluiden,addr
2732678627,street,Seringenstraat,addr
2732678627,date,2014-10-30,source
2732678627,postcode,2636BK,addr
2732678627,housenumber,6,addr
2732678677,source,BAG,regular
2732678677,city,Schipluiden,addr
2732678677,street,Keenenburgweg,addr
2732678677,date,2014-10-30,source
2732678677,postcode,2636GM,addr
2732678677,housenumber,8,addr
2733890905,source,BAG,regular
2733890905,city,Maasland,addr
2733890905,street,Laan van Zeestraten,addr
2733890905,date,2014-10-30,source
2733890905,postcode,3155DM,addr
2733890905,housenumber,20,addr
2733890964,source,BAG,regular
2733890964,city,Schipluiden,addr
2733890964,street,Gaagweg,addr
2733890964,date,2014-10-30,source
2733890964,postcode,2636AK,addr
2733890964,housenumber,40,addr
2733891035,source,BAG,regular
2733891035,city,Maasland,addr
2733891035,street,Oostgaag,addr
2733891035,date,2014-10-30,source
2733891035,postcode,3155CD,addr
2733891035,housenumber,7d,addr
2733940354,source,BAG,regular
2733940354,city,Maasland,addr
2733940354,street,Westgaag,addr
2733940354,date,2014-10-30,source
2733940354,postcode,3155DJ,addr
2733940354,housenumber,104,addr
2733940740,source,BAG,regular
2733940740,city,Maasland,addr
2733940740,street,Herenlaan,addr
2733940740,date,2014-10-30,source
2733940740,postcode,3155DC,addr
2733940740,housenumber,26,addr
2733941155,source,BAG,regular
2733941155,city,Maasland,addr
2733941155,street,Herenwerf,addr
2733941155,date,2014-10-30,source
2733941155,postcode,3155DK,addr
2733941155,housenumber,55,addr
2733988901,source,BAG,regular
2733988901,city,Maasland,addr
2733988901,street,Westgaag,addr
2733988901,date,2014-10-30,source
2733988901,postcode,3155DD,addr
2733988901,housenumber,5,addr
2734069511,source,BAG,regular
2734069511,city,Maasland,addr
2734069511,street,Kwakelweg,addr
2734069511,date,2014-10-30,source
2734069511,postcode,3155CC,addr
2734069511,housenumber,10,addr
2734069907,source,BAG,regular
2734069907,city,Maasland,addr
2734069907,street,Kwakelweg,addr
2734069907,date,2014-10-30,source
2734069907,postcode,3155CB,addr
2734069907,housenumber,19a,addr
2734070237,source,BAG,regular
2734070237,city,Maasland,addr
2734070237,street,Commandeurskade,addr
2734070237,date,2014-10-30,source
2734070237,postcode,3155AD,addr
2734070237,housenumber,46,addr
2734162635,source,BAG,regular
2734162635,city,Maasland,addr
2734162635,street,Meresteijn,addr
2734162635,date,2014-10-30,source
2734162635,postcode,3155XK,addr
2734162635,housenumber,10,addr
2734163002,source,BAG,regular
2734163002,city,Maasland,addr
2734163002,street,Reynbolt van Maeslantstraat,addr
2734163002,date,2014-10-30,source
2734163002,postcode,3155VM,addr
2734163002,housenumber,11,addr
2734163500,source,BAG,regular
2734163500,city,Maasland,addr
2734163500,street,'s-Prinsensingel,addr
2734163500,date,2014-10-30,source
2734163500,postcode,3155VK,addr
2734163500,housenumber,13,addr
2734163964,source,BAG,regular
2734163964,city,Maasland,addr
2734163964,street,Vrouwe Lideweysingel,addr
2734163964,date,2014-10-30,source
2734163964,postcode,3155VW,addr
2734163964,housenumber,14,addr
2734164515,source,BAG,regular
2734164515,city,Maasland,addr
2734164515,street,Nieuw Huis ter Lucht,addr
2734164515,date,2014-10-30,source
2734164515,postcode,3155EK,addr
2734164515,housenumber,16,addr
2734164829,source,BAG,regular
2734164829,city,Maasland,addr
2734164829,street,Reynbolt van Maeslantstraat,addr
2734164829,date,2014-10-30,source
2734164829,postcode,3155VN,addr
2734164829,housenumber,18,addr
2734165335,source,BAG,regular
2734165335,city,Maasland,addr
2734165335,street,Prinses Margrietlaan,addr
2734165335,date,2014-10-30,source
2734165335,postcode,3155VE,addr
2734165335,housenumber,2,addr
2734166063,source,BAG,regular
2734166063,city,Maasland,addr
2734166063,street,Kerkweg,addr
2734166063,date,2014-10-30,source
2734166063,postcode,3155EC,addr
2734166063,housenumber,22,addr
2734166934,source,BAG,regular
2734166934,city,Maasland,addr
2734166934,street,Koningin Julianaweg,addr
2734166934,date,2014-10-30,source
2734166934,postcode,3155AR,addr
2734166934,housenumber,25,addr
2734167552,source,BAG,regular
2734167552,city,Maasland,addr
2734167552,street,Prinses Beatrixlaan,addr
2734167552,date,2014-10-30,source
2734167552,postcode,3155TH,addr
2734167552,housenumber,29,addr
2734168514,source,BAG,regular
2734168514,city,Maasland,addr
2734168514,street,Kerkweg,addr
2734168514,date,2014-10-30,source
2734168514,postcode,3155ED,addr
2734168514,housenumber,30,addr
2734169038,source,BAG,regular
2734169038,city,Maasland,addr
2734169038,street,Vrouwe Lideweysingel,addr
2734169038,date,2014-10-30,source
2734169038,postcode,3155VW,addr
2734169038,housenumber,34,addr
2734169550,source,BAG,regular
2734169550,city,Maasland,addr
2734169550,street,Slot de Houvelaan,addr
2734169550,date,2014-10-30,source
2734169550,postcode,3155VR,addr
2734169550,housenumber,39,addr
2734170070,source,BAG,regular
2734170070,city,Maasland,addr
2734170070,street,Vrouwe Lideweysingel,addr
2734170070,date,2014-10-30,source
2734170070,postcode,3155VW,addr
2734170070,housenumber,40,addr
2734170624,source,BAG,regular
2734170624,city,Maasland,addr
2734170624,street,Huis te Veldelaan,addr
2734170624,date,2014-10-30,source
2734170624,postcode,3155SC,addr
2734170624,housenumber,49,addr
2734171148,source,BAG,regular
2734171148,city,Maasland,addr
2734171148,street,Huis te Veldelaan,addr
2734171148,date,2014-10-30,source
2734171148,postcode,3155SG,addr
2734171148,housenumber,56,addr
2734171947,source,BAG,regular
2734171947,city,Maasland,addr
2734171947,street,Koningin Julianaweg,addr
2734171947,date,2014-10-30,source
2734171947,postcode,3155XE,addr
2734171947,housenumber,60,addr
2734172514,source,BAG,regular
2734172514,city,Maasland,addr
2734172514,street,Stationsstraat,addr
2734172514,date,2014-10-30,source
2734172514,postcode,3155TM,addr
2734172514,housenumber,7,addr
2734173320,source,BAG,regular
2734173320,city,Maasland,addr
2734173320,street,Slot de Houvelaan,addr
2734173320,date,2014-10-30,source
2734173320,postcode,3155VS,addr
2734173320,housenumber,8,addr
2734173709,source,BAG,regular
2734173709,city,Maasland,addr
2734173709,street,Prinses Margrietlaan,addr
2734173709,date,2014-10-30,source
2734173709,postcode,3155VD,addr
2734173709,housenumber,9,addr
2734276813,source,BAG,regular
2734276813,city,Maasland,addr
2734276813,street,Kluisweer,addr
2734276813,date,2014-10-30,source
2734276813,postcode,3155BJ,addr
2734276813,housenumber,1,addr
2734277175,source,BAG,regular
2734277175,city,Maasland,addr
2734277175,street,Botting,addr
2734277175,date,2014-10-30,source
2734277175,postcode,3155BW,addr
2734277175,housenumber,11,addr
2734277469,source,BAG,regular
2734277469,city,Maasland,addr
2734277469,street,Kluiskade,addr
2734277469,date,2014-10-30,source
2734277469,postcode,3155BH,addr
2734277469,housenumber,12,addr
2734277771,source,BAG,regular
2734277771,city,Maasland,addr
2734277771,street,Hofsingel,addr
2734277771,date,2014-10-30,source
2734277771,postcode,3155AL,addr
2734277771,housenumber,131,addr
2734277880,source,BAG,regular
2734277880,city,Maasland,addr
2734277880,street,Hofsingel,addr
2734277880,date,2014-10-30,source
2734277880,postcode,3155AL,addr
2734277880,housenumber,141,addr
2734277930,source,BAG,regular
2734277930,city,Maasland,addr
2734277930,street,Hoefslag,addr
2734277930,date,2014-10-30,source
2734277930,postcode,3155BZ,addr
2734277930,housenumber,16,addr
2734277980,source,BAG,regular
2734277980,city,Maasland,addr
2734277980,street,Hofsingel,addr
2734277980,date,2014-10-30,source
2734277980,postcode,3155AL,addr
2734277980,housenumber,178,addr
2734278071,source,BAG,regular
2734278071,city,Maasland,addr
2734278071,street,Botting,addr
2734278071,date,2014-10-30,source
2734278071,postcode,3155BW,addr
2734278071,housenumber,2,addr
2734278299,source,BAG,regular
2734278299,city,Maasland,addr
2734278299,street,Kluisweer,addr
2734278299,date,2014-10-30,source
2734278299,postcode,3155BJ,addr
2734278299,housenumber,20,addr
2734278349,source,BAG,regular
2734278349,city,Maasland,addr
2734278349,street,Klaver,addr
2734278349,date,2014-10-30,source
2734278349,postcode,3155WG,addr
2734278349,housenumber,22,addr
2734278468,source,BAG,regular
2734278468,city,Maasland,addr
2734278468,street,Doelstraat,addr
2734278468,date,2014-10-30,source
2734278468,postcode,3155AH,addr
2734278468,housenumber,26,addr
2734278518,source,BAG,regular
2734278518,city,Maasland,addr
2734278518,street,Plantage,addr
2734278518,date,2014-10-30,source
2734278518,postcode,3155AX,addr
2734278518,housenumber,2g,addr
2734278570,source,BAG,regular
2734278570,city,Maasland,addr
2734278570,street,Schildtale,addr
2734278570,date,2014-10-30,source
2734278570,postcode,3155NG,addr
2734278570,housenumber,31,addr
2734278744,source,BAG,regular
2734278744,city,Maasland,addr
2734278744,street,Brederode,addr
2734278744,date,2014-10-30,source
2734278744,postcode,3155BA,addr
2734278744,housenumber,4,addr
2734278869,source,BAG,regular
2734278869,city,Maasland,addr
2734278869,street,Ingeland,addr
2734278869,date,2014-10-30,source
2734278869,postcode,3155GC,addr
2734278869,housenumber,43,addr
2734278946,source,BAG,regular
2734278946,city,Maasland,addr
2734278946,street,Warande,addr
2734278946,date,2014-10-30,source
2734278946,postcode,3155BS,addr
2734278946,housenumber,5,addr
2734279162,source,BAG,regular
2734279162,city,Maasland,addr
2734279162,street,Raesvelt,addr
2734279162,date,2014-10-30,source
2734279162,postcode,3155BN,addr
2734279162,housenumber,6,addr
2734279412,source,BAG,regular
2734279412,city,Maasland,addr
2734279412,street,Hofsingel,addr
2734279412,date,2014-10-30,source
2734279412,postcode,3155AL,addr
2734279412,housenumber,70,addr
2734279786,source,BAG,regular
2734279786,city,Maasland,addr
2734279786,street,Botting,addr
2734279786,date,2014-10-30,source
2734279786,postcode,3155BW,addr
2734279786,housenumber,9,addr
2734336261,source,BAG,regular
2734336261,city,Maasland,addr
2734336261,street,Kluishof,addr
2734336261,date,2014-10-30,source
2734336261,postcode,3155GG,addr
2734336261,housenumber,10,addr
2734336433,source,BAG,regular
2734336433,city,Maasland,addr
2734336433,street,Commanderij,addr
2734336433,date,2014-10-30,source
2734336433,postcode,3155AA,addr
2734336433,housenumber,12,addr
2734336628,source,BAG,regular
2734336628,city,Maasland,addr
2734336628,street,Commanderij,addr
2734336628,date,2014-10-30,source
2734336628,postcode,3155AA,addr
2734336628,housenumber,15,addr
2734336769,source,BAG,regular
2734336769,city,Maasland,addr
2734336769,street,Commanderij,addr
2734336769,date,2014-10-30,source
2734336769,postcode,3155AA,addr
2734336769,housenumber,2,addr
2734337059,source,BAG,regular
2734337059,city,Maasland,addr
2734337059,street,Kluiskade,addr
2734337059,date,2014-10-30,source
2734337059,postcode,3155BH,addr
2734337059,housenumber,24,addr
2734337188,source,BAG,regular
2734337188,city,Maasland,addr
2734337188,street,Boterkamp,addr
2734337188,date,2014-10-30,source
2734337188,postcode,3155GK,addr
2734337188,housenumber,3,addr
2734337511,source,BAG,regular
2734337511,city,Maasland,addr
2734337511,street,Commanderij,addr
2734337511,date,2014-10-30,source
2734337511,postcode,3155AA,addr
2734337511,housenumber,36,addr
2734337928,source,BAG,regular
2734337928,city,Maasland,addr
2734337928,street,Werve,addr
2734337928,date,2014-10-30,source
2734337928,postcode,3155GM,addr
2734337928,housenumber,42,addr
2734338475,source,BAG,regular
2734338475,city,Maasland,addr
2734338475,street,Boskamp,addr
2734338475,date,2014-10-30,source
2734338475,postcode,3155PA,addr
2734338475,housenumber,50,addr
2734338926,source,BAG,regular
2734338926,city,Maasland,addr
2734338926,street,Kluishof,addr
2734338926,date,2014-10-30,source
2734338926,postcode,3155GG,addr
2734338926,housenumber,6,addr
2734339098,source,BAG,regular
2734339098,city,Maasland,addr
2734339098,street,Baanderheer,addr
2734339098,date,2014-10-30,source
2734339098,postcode,3155NA,addr
2734339098,housenumber,7,addr
2734339268,source,BAG,regular
2734339268,city,Maasland,addr
2734339268,street,Commanderij,addr
2734339268,date,2014-10-30,source
2734339268,postcode,3155AA,addr
2734339268,housenumber,78,addr
2734339420,source,BAG,regular
2734339420,city,Maasland,addr
2734339420,street,Hofsingel,addr
2734339420,date,2014-10-30,source
2734339420,postcode,3155AL,addr
2734339420,housenumber,89,addr
2735034818,source,BAG,regular
2735034818,city,Schipluiden,addr
2735034818,street,Rotterdamseweg,addr
2735034818,date,2014-10-30,source
2735034818,postcode,2636KC,addr
2735034818,housenumber,223,addr
2735396256,source,BAG,regular
2735396256,city,Rozenburg,addr
2735396256,street,Fazantenpad,addr
2735396256,date,2014-10-30,source
2735396256,postcode,3181SB,addr
2735396256,housenumber,1,addr
2735396364,source,BAG,regular
2735396364,city,Rozenburg,addr
2735396364,street,Nassaustraat,addr
2735396364,date,2014-10-30,source
2735396364,postcode,3181VD,addr
2735396364,housenumber,1,addr
2735396455,source,BAG,regular
2735396455,city,Rozenburg,addr
2735396455,street,De Zoom,addr
2735396455,date,2014-10-30,source
2735396455,postcode,3181MK,addr
2735396455,housenumber,1,addr
2735396704,source,BAG,regular
2735396704,city,Rozenburg,addr
2735396704,street,Lepelaarstraat,addr
2735396704,date,2014-10-30,source
2735396704,postcode,3181TH,addr
2735396704,housenumber,10,addr
2735396908,source,BAG,regular
2735396908,city,Rozenburg,addr
2735396908,street,Zuidererf,addr
2735396908,date,2014-10-30,source
2735396908,postcode,3181JE,addr
2735396908,housenumber,10,addr
2735397281,source,BAG,regular
2735397281,city,Rozenburg,addr
2735397281,street,Abelenlaan,addr
2735397281,date,2014-10-30,source
2735397281,postcode,3181WH,addr
2735397281,housenumber,104,addr
2735397647,source,BAG,regular
2735397647,city,Rozenburg,addr
2735397647,street,Essendaal,addr
2735397647,date,2014-10-30,source
2735397647,postcode,3181AE,addr
2735397647,housenumber,109H,addr
2735397859,source,BAG,regular
2735397859,city,Rozenburg,addr
2735397859,street,Kievitenburg,addr
2735397859,date,2014-10-30,source
2735397859,postcode,3181SJ,addr
2735397859,housenumber,11,addr
2735397998,source,BAG,regular
2735397998,city,Rozenburg,addr
2735397998,street,Welgelegen,addr
2735397998,date,2014-10-30,source
2735397998,postcode,3181DV,addr
2735397998,housenumber,11,addr
2735398285,source,BAG,regular
2735398285,city,Rozenburg,addr
2735398285,street,Abelenlaan,addr
2735398285,date,2014-10-30,source
2735398285,postcode,3181WC,addr
2735398285,housenumber,115,addr
2735398657,source,BAG,regular
2735398657,city,Rozenburg,addr
2735398657,street,Botterhof,addr
2735398657,date,2014-10-30,source
2735398657,postcode,3181NV,addr
2735398657,housenumber,12,addr
2735398929,source,BAG,regular
2735398929,city,Rozenburg,addr
2735398929,street,Nachtegaallaan,addr
2735398929,date,2014-10-30,source
2735398929,postcode,3181SL,addr
2735398929,housenumber,12,addr
2735399042,source,BAG,regular
2735399042,city,Rozenburg,addr
2735399042,street,Beukenlaan,addr
2735399042,date,2014-10-30,source
2735399042,postcode,3181XB,addr
2735399042,housenumber,121,addr
2735399353,source,BAG,regular
2735399353,city,Rozenburg,addr
2735399353,street,Aalscholver,addr
2735399353,date,2014-10-30,source
2735399353,postcode,3181TR,addr
2735399353,housenumber,13,addr
2735399519,source,BAG,regular
2735399519,city,Rozenburg,addr
2735399519,street,Marijkeplein,addr
2735399519,date,2014-10-30,source
2735399519,postcode,3181GM,addr
2735399519,housenumber,13,addr
2735399753,source,BAG,regular
2735399753,city,Rozenburg,addr
2735399753,street,De Zoom,addr
2735399753,date,2014-10-30,source
2735399753,postcode,3181MK,addr
2735399753,housenumber,13,addr
2735400111,source,BAG,regular
2735400111,city,Rozenburg,addr
2735400111,street,Elzenlaan,addr
2735400111,date,2014-10-30,source
2735400111,postcode,3181BG,addr
2735400111,housenumber,13C,addr
2735400283,source,BAG,regular
2735400283,city,Rozenburg,addr
2735400283,street,Lijsterbeslaan,addr
2735400283,date,2014-10-30,source
2735400283,postcode,3181BM,addr
2735400283,housenumber,14,addr
2735400954,source,BAG,regular
2735400954,city,Rozenburg,addr
2735400954,street,De Kroon,addr
2735400954,date,2014-10-30,source
2735400954,postcode,3181MD,addr
2735400954,housenumber,14,addr
2735401564,source,BAG,regular
2735401564,city,Rozenburg,addr
2735401564,street,Aalscholver,addr
2735401564,date,2014-10-30,source
2735401564,postcode,3181TR,addr
2735401564,housenumber,15,addr
2735401658,source,BAG,regular
2735401658,city,Rozenburg,addr
2735401658,street,Meerpaal,addr
2735401658,date,2014-10-30,source
2735401658,postcode,3181NW,addr
2735401658,housenumber,15,addr
2735401876,source,BAG,regular
2735401876,city,Rozenburg,addr
2735401876,street,Esdoornlaan,addr
2735401876,date,2014-10-30,source
2735401876,postcode,3181XG,addr
2735401876,housenumber,150,addr
2735402181,source,BAG,regular
2735402181,city,Rozenburg,addr
2735402181,street,De Plataan,addr
2735402181,date,2014-10-30,source
2735402181,postcode,3181AB,addr
2735402181,housenumber,16,addr
2735402380,source,BAG,regular
2735402380,city,Rozenburg,addr
2735402380,street,Rietgorslaan,addr
2735402380,date,2014-10-30,source
2735402380,postcode,3181SN,addr
2735402380,housenumber,16,addr
2735402526,source,BAG,regular
2735402526,city,Rozenburg,addr
2735402526,street,Essendaal,addr
2735402526,date,2014-10-30,source
2735402526,postcode,3181AG,addr
2735402526,housenumber,167,addr
2735402750,source,BAG,regular
2735402750,city,Rozenburg,addr
2735402750,street,Lepelaarstraat,addr
2735402750,date,2014-10-30,source
2735402750,postcode,3181TE,addr
2735402750,housenumber,17,addr
2735403007,source,BAG,regular
2735403007,city,Rozenburg,addr
2735403007,street,De Noordbank,addr
2735403007,date,2014-10-30,source
2735403007,postcode,3181MG,addr
2735403007,housenumber,17,addr
2735403264,source,BAG,regular
2735403264,city,Rozenburg,addr
2735403264,street,Korianderplaats,addr
2735403264,date,2014-10-30,source
2735403264,postcode,3181RK,addr
2735403264,housenumber,18,addr
2735403566,source,BAG,regular
2735403566,city,Rozenburg,addr
2735403566,street,Zwaluwenhof,addr
2735403566,date,2014-10-30,source
2735403566,postcode,3181TN,addr
2735403566,housenumber,18,addr
2735403987,source,BAG,regular
2735403987,city,Rozenburg,addr
2735403987,street,Gladiolenlaan,addr
2735403987,date,2014-10-30,source
2735403987,postcode,3181CC,addr
2735403987,housenumber,19,addr
2735404179,source,BAG,regular
2735404179,city,Rozenburg,addr
2735404179,street,Trompstraat,addr
2735404179,date,2014-10-30,source
2735404179,postcode,3181VH,addr
2735404179,housenumber,19,addr
2735404306,source,BAG,regular
2735404306,city,Rozenburg,addr
2735404306,street,Beatrixstraat,addr
2735404306,date,2014-10-30,source
2735404306,postcode,3181GA,addr
2735404306,housenumber,1B,addr
2735404515,source,BAG,regular
2735404515,city,Rozenburg,addr
2735404515,street,Irenestraat,addr
2735404515,date,2014-10-30,source
2735404515,postcode,3181GG,addr
2735404515,housenumber,2,addr
2735404615,source,BAG,regular
2735404615,city,Rozenburg,addr
2735404615,street,Ruysdaelstraat,addr
2735404615,date,2014-10-30,source
2735404615,postcode,3181HR,addr
2735404615,housenumber,2,addr
2735404801,source,BAG,regular
2735404801,city,Rozenburg,addr
2735404801,street,Juliana van Stolberglaan,addr
2735404801,date,2014-10-30,source
2735404801,postcode,3181HH,addr
2735404801,housenumber,20,addr
2735405015,source,BAG,regular
2735405015,city,Rozenburg,addr
2735405015,street,Wilhelminastraat,addr
2735405015,date,2014-10-30,source
2735405015,postcode,3181VN,addr
2735405015,housenumber,20,addr
2735405135,source,BAG,regular
2735405135,city,Rozenburg,addr
2735405135,street,Elzenlaan,addr
2735405135,date,2014-10-30,source
2735405135,postcode,3181BG,addr
2735405135,housenumber,21,addr
2735405389,source,BAG,regular
2735405389,city,Rozenburg,addr
2735405389,street,Verschansing,addr
2735405389,date,2014-10-30,source
2735405389,postcode,3181NG,addr
2735405389,housenumber,21,addr
2735405689,source,BAG,regular
2735405689,city,Rozenburg,addr
2735405689,street,Esdoornlaan,addr
2735405689,date,2014-10-30,source
2735405689,postcode,3181XC,addr
2735405689,housenumber,22,addr
2735405850,source,BAG,regular
2735405850,city,Rozenburg,addr
2735405850,street,Zuidererf,addr
2735405850,date,2014-10-30,source
2735405850,postcode,3181JE,addr
2735405850,housenumber,22,addr
2735406184,source,BAG,regular
2735406184,city,Rozenburg,addr
2735406184,street,Mauritsstraat,addr
2735406184,date,2014-10-30,source
2735406184,postcode,3181HJ,addr
2735406184,housenumber,23,addr
2735406416,source,BAG,regular
2735406416,city,Rozenburg,addr
2735406416,street,Juliana van Stolberglaan,addr
2735406416,date,2014-10-30,source
2735406416,postcode,3181HH,addr
2735406416,housenumber,23A,addr
2735406577,source,BAG,regular
2735406577,city,Rozenburg,addr
2735406577,street,Stuurboord,addr
2735406577,date,2014-10-30,source
2735406577,postcode,3181NM,addr
2735406577,housenumber,24,addr
2735406758,source,BAG,regular
2735406758,city,Rozenburg,addr
2735406758,street,Lijsterbeslaan,addr
2735406758,date,2014-10-30,source
2735406758,postcode,3181BL,addr
2735406758,housenumber,25,addr
2735406939,source,BAG,regular
2735406939,city,Rozenburg,addr
2735406939,street,Appelgaarde,addr
2735406939,date,2014-10-30,source
2735406939,postcode,3181PC,addr
2735406939,housenumber,26,addr
2735407088,source,BAG,regular
2735407088,city,Rozenburg,addr
2735407088,street,Zuidhoek,addr
2735407088,date,2014-10-30,source
2735407088,postcode,3181JG,addr
2735407088,housenumber,26,addr
2735407508,source,BAG,regular
2735407508,city,Rozenburg,addr
2735407508,street,Scholeksterstraat,addr
2735407508,date,2014-10-30,source
2735407508,postcode,3181SP,addr
2735407508,housenumber,27,addr
2735407731,source,BAG,regular
2735407731,city,Rozenburg,addr
2735407731,street,Reigerhof,addr
2735407731,date,2014-10-30,source
2735407731,postcode,3181KB,addr
2735407731,housenumber,28,addr
2735408079,source,BAG,regular
2735408079,city,Rozenburg,addr
2735408079,street,Julianastraat,addr
2735408079,date,2014-10-30,source
2735408079,postcode,3181GH,addr
2735408079,housenumber,29,addr
2735408233,source,BAG,regular
2735408233,city,Rozenburg,addr
2735408233,street,Willem de Zwijgerstraat,addr
2735408233,date,2014-10-30,source
2735408233,postcode,3181HZ,addr
2735408233,housenumber,2B,addr
2735408620,source,BAG,regular
2735408620,city,Rozenburg,addr
2735408620,street,Elzenlaan,addr
2735408620,date,2014-10-30,source
2735408620,postcode,3181BG,addr
2735408620,housenumber,3,addr
2735408841,source,BAG,regular
2735408841,city,Rozenburg,addr
2735408841,street,Mevrouw J Aschoff-Stiermanlaan,addr
2735408841,date,2014-10-30,source
2735408841,postcode,3181PN,addr
2735408841,housenumber,3,addr
2735408992,source,BAG,regular
2735408992,city,Rozenburg,addr
2735408992,street,De Pette,addr
2735408992,date,2014-10-30,source
2735408992,postcode,3181MJ,addr
2735408992,housenumber,3,addr
2735409273,source,BAG,regular
2735409273,city,Rozenburg,addr
2735409273,street,Blankenburg,addr
2735409273,date,2014-10-30,source
2735409273,postcode,3181BC,addr
2735409273,housenumber,303,addr
2735409439,source,BAG,regular
2735409439,city,Rozenburg,addr
2735409439,street,Willem de Zwijgerstraat,addr
2735409439,date,2014-10-30,source
2735409439,postcode,3181HZ,addr
2735409439,housenumber,31,addr
2735409699,source,BAG,regular
2735409699,city,Rozenburg,addr
2735409699,street,Wilhelminastraat,addr
2735409699,date,2014-10-30,source
2735409699,postcode,3181VN,addr
2735409699,housenumber,32,addr
2735410009,source,BAG,regular
2735410009,city,Rozenburg,addr
2735410009,street,Gruttostraat,addr
2735410009,date,2014-10-30,source
2735410009,postcode,3181TA,addr
2735410009,housenumber,33D,addr
2735410274,source,BAG,regular
2735410274,city,Rozenburg,addr
2735410274,street,Emmastraat,addr
2735410274,date,2014-10-30,source
2735410274,postcode,3181GC,addr
2735410274,housenumber,35,addr
2735410529,source,BAG,regular
2735410529,city,Rozenburg,addr
2735410529,street,Laan van Nieuw Rozenburg,addr
2735410529,date,2014-10-30,source
2735410529,postcode,3181VC,addr
2735410529,housenumber,36,addr
2735410967,source,BAG,regular
2735410967,city,Rozenburg,addr
2735410967,street,Raadhuisstraat,addr
2735410967,date,2014-10-30,source
2735410967,postcode,3181CH,addr
2735410967,housenumber,37,addr
2735411492,source,BAG,regular
2735411492,city,Rozenburg,addr
2735411492,street,Lepelaarstraat,addr
2735411492,date,2014-10-30,source
2735411492,postcode,3181TH,addr
2735411492,housenumber,38D,addr
2735411956,source,BAG,regular
2735411956,city,Rozenburg,addr
2735411956,street,Marijkestraat,addr
2735411956,date,2014-10-30,source
2735411956,postcode,3181GP,addr
2735411956,housenumber,3A,addr
2735412059,source,BAG,regular
2735412059,city,Rozenburg,addr
2735412059,street,Koninginnelaan,addr
2735412059,date,2014-10-30,source
2735412059,postcode,3181GK,addr
2735412059,housenumber,4,addr
2735412315,source,BAG,regular
2735412315,city,Rozenburg,addr
2735412315,street,Watersnip,addr
2735412315,date,2014-10-30,source
2735412315,postcode,3181SP,addr
2735412315,housenumber,4,addr
2735412506,source,BAG,regular
2735412506,city,Rozenburg,addr
2735412506,street,Zuidhoek,addr
2735412506,date,2014-10-30,source
2735412506,postcode,3181JG,addr
2735412506,housenumber,40,addr
2735412780,source,BAG,regular
2735412780,city,Rozenburg,addr
2735412780,street,Dwarsweg,addr
2735412780,date,2014-10-30,source
2735412780,postcode,3181HG,addr
2735412780,housenumber,42,addr
2735412944,source,BAG,regular
2735412944,city,Rozenburg,addr
2735412944,street,Meeuwensingel,addr
2735412944,date,2014-10-30,source
2735412944,postcode,3181SK,addr
2735412944,housenumber,43,addr
2735413121,source,BAG,regular
2735413121,city,Rozenburg,addr
2735413121,street,Emmastraat,addr
2735413121,date,2014-10-30,source
2735413121,postcode,3181GC,addr
2735413121,housenumber,44A,addr
2735413201,source,BAG,regular
2735413201,city,Rozenburg,addr
2735413201,street,Reigerhof,addr
2735413201,date,2014-10-30,source
2735413201,postcode,3181KB,addr
2735413201,housenumber,46,addr
2735413267,source,BAG,regular
2735413267,city,Rozenburg,addr
2735413267,street,Eikenlaan,addr
2735413267,date,2014-10-30,source
2735413267,postcode,3181AA,addr
2735413267,housenumber,48,addr
2735413394,source,BAG,regular
2735413394,city,Rozenburg,addr
2735413394,street,Gruttostraat,addr
2735413394,date,2014-10-30,source
2735413394,postcode,3181TC,addr
2735413394,housenumber,4B,addr
2735413501,source,BAG,regular
2735413501,city,Rozenburg,addr
2735413501,street,Goudenregenstraat,addr
2735413501,date,2014-10-30,source
2735413501,postcode,3181WN,addr
2735413501,housenumber,5,addr
2735413672,source,BAG,regular
2735413672,city,Rozenburg,addr
2735413672,street,Raadhuisplein,addr
2735413672,date,2014-10-30,source
2735413672,postcode,3181CE,addr
2735413672,housenumber,5,addr
2735413988,source,BAG,regular
2735413988,city,Rozenburg,addr
2735413988,street,Julianastraat,addr
2735413988,date,2014-10-30,source
2735413988,postcode,3181GJ,addr
2735413988,housenumber,50,addr
2735414257,source,BAG,regular
2735414257,city,Rozenburg,addr
2735414257,street,Juliana van Stolberglaan,addr
2735414257,date,2014-10-30,source
2735414257,postcode,3181HH,addr
2735414257,housenumber,52,addr
2735414362,source,BAG,regular
2735414362,city,Rozenburg,addr
2735414362,street,Gruttostraat,addr
2735414362,date,2014-10-30,source
2735414362,postcode,3181TA,addr
2735414362,housenumber,53D,addr
2735414602,source,BAG,regular
2735414602,city,Rozenburg,addr
2735414602,street,Meeuwensingel,addr
2735414602,date,2014-10-30,source
2735414602,postcode,3181SK,addr
2735414602,housenumber,55,addr
2735414793,source,BAG,regular
2735414793,city,Rozenburg,addr
2735414793,street,Meerpaal,addr
2735414793,date,2014-10-30,source
2735414793,postcode,3181NW,addr
2735414793,housenumber,57,addr
2735414932,source,BAG,regular
2735414932,city,Rozenburg,addr
2735414932,street,Grote Stern,addr
2735414932,date,2014-10-30,source
2735414932,postcode,3181SC,addr
2735414932,housenumber,59,addr
2735415321,source,BAG,regular
2735415321,city,Rozenburg,addr
2735415321,street,Juliana van Stolberglaan,addr
2735415321,date,2014-10-30,source
2735415321,postcode,3181HH,addr
2735415321,housenumber,6,addr
2735415434,source,BAG,regular
2735415434,city,Rozenburg,addr
2735415434,street,Spinaker,addr
2735415434,date,2014-10-30,source
2735415434,postcode,3181NL,addr
2735415434,housenumber,6,addr
2735415639,source,BAG,regular
2735415639,city,Rozenburg,addr
2735415639,street,Bloesemlaan,addr
2735415639,date,2014-10-30,source
2735415639,postcode,3181RC,addr
2735415639,housenumber,61,addr
2735415897,source,BAG,regular
2735415897,city,Rozenburg,addr
2735415897,street,Laan van Nieuw Blankenburg,addr
2735415897,date,2014-10-30,source
2735415897,postcode,3181DB,addr
2735415897,housenumber,62D,addr
2735416005,source,BAG,regular
2735416005,city,Rozenburg,addr
2735416005,street,Essendaal,addr
2735416005,date,2014-10-30,source
2735416005,postcode,3181AE,addr
2735416005,housenumber,65,addr
2735416270,source,BAG,regular
2735416270,city,Rozenburg,addr
2735416270,street,Reigerhof,addr
2735416270,date,2014-10-30,source
2735416270,postcode,3181KB,addr
2735416270,housenumber,68,addr
2735416633,source,BAG,regular
2735416633,city,Rozenburg,addr
2735416633,street,Druivenhoek,addr
2735416633,date,2014-10-30,source
2735416633,postcode,3181PK,addr
2735416633,housenumber,7,addr
2735416794,source,BAG,regular
2735416794,city,Rozenburg,addr
2735416794,street,Oranjelaan,addr
2735416794,date,2014-10-30,source
2735416794,postcode,3181HK,addr
2735416794,housenumber,7,addr
2735417039,source,BAG,regular
2735417039,city,Rozenburg,addr
2735417039,street,Esdoornlaan,addr
2735417039,date,2014-10-30,source
2735417039,postcode,3181XD,addr
2735417039,housenumber,70,addr
2735417231,source,BAG,regular
2735417231,city,Rozenburg,addr
2735417231,street,Esdoornlaan,addr
2735417231,date,2014-10-30,source
2735417231,postcode,3181XD,addr
2735417231,housenumber,74,addr
2735417544,source,BAG,regular
2735417544,city,Rozenburg,addr
2735417544,street,Laan van Nieuw Blankenburg,addr
2735417544,date,2014-10-30,source
2735417544,postcode,3181DC,addr
2735417544,housenumber,78,addr
2735417918,source,BAG,regular
2735417918,city,Rozenburg,addr
2735417918,street,Irenestraat,addr
2735417918,date,2014-10-30,source
2735417918,postcode,3181GG,addr
2735417918,housenumber,8,addr
2735417977,source,BAG,regular
2735417977,city,Rozenburg,addr
2735417977,street,Schoenerhof,addr
2735417977,date,2014-10-30,source
2735417977,postcode,3181NR,addr
2735417977,housenumber,8,addr
2735418129,source,BAG,regular
2735418129,city,Rozenburg,addr
2735418129,street,Mevrouw J Aschoff-Stiermanlaan,addr
2735418129,date,2014-10-30,source
2735418129,postcode,3181PN,addr
2735418129,housenumber,81,addr
2735418223,source,BAG,regular
2735418223,city,Rozenburg,addr
2735418223,street,Esdoornlaan,addr
2735418223,date,2014-10-30,source
2735418223,postcode,3181XE,addr
2735418223,housenumber,86,addr
2735418354,source,BAG,regular
2735418354,city,Rozenburg,addr
2735418354,street,Bernhardstraat,addr
2735418354,date,2014-10-30,source
2735418354,postcode,3181GB,addr
2735418354,housenumber,9,addr
2735418415,source,BAG,regular
2735418415,city,Rozenburg,addr
2735418415,street,Mauritsstraat,addr
2735418415,date,2014-10-30,source
2735418415,postcode,3181HJ,addr
2735418415,housenumber,9,addr
2735418486,source,BAG,regular
2735418486,city,Rozenburg,addr
2735418486,street,De Kroon,addr
2735418486,date,2014-10-30,source
2735418486,postcode,3181MD,addr
2735418486,housenumber,9,addr
2735418571,source,BAG,regular
2735418571,city,Rozenburg,addr
2735418571,street,Zanddijk,addr
2735418571,date,2014-10-30,source
2735418571,postcode,3181HW,addr
2735418571,housenumber,94,addr
2735418669,source,BAG,regular
2735418669,city,Rozenburg,addr
2735418669,street,Rembrandtsingel,addr
2735418669,date,2014-10-30,source
2735418669,postcode,3181DK,addr
2735418669,housenumber,99,addr
2737010515,source,BAG,regular
2737010515,city,Wateringen,addr
2737010515,street,Middenzwet,addr
2737010515,date,2014-10-30,source
2737010515,postcode,2291HM,addr
2737010515,housenumber,15A,addr
2737010790,source,BAG,regular
2737010790,city,Wateringen,addr
2737010790,street,Middenzwet,addr
2737010790,date,2014-10-30,source
2737010790,postcode,2291HM,addr
2737010790,housenumber,35,addr
2737011045,source,BAG,regular
2737011045,city,Wateringen,addr
2737011045,street,Middenzwet,addr
2737011045,date,2014-10-30,source
2737011045,postcode,2291HM,addr
2737011045,housenumber,42,addr
2737011398,source,BAG,regular
2737011398,city,Kwintsheul,addr
2737011398,street,Bovendijk,addr
2737011398,date,2014-10-30,source
2737011398,postcode,2295RX,addr
2737011398,housenumber,63,addr
2737011952,source,BAG,regular
2737011952,city,Kwintsheul,addr
2737011952,street,Heulweg,addr
2737011952,date,2014-10-30,source
2737011952,postcode,2295KJ,addr
2737011952,housenumber,92A,addr
2737045139,source,BAG,regular
2737045139,city,Kwintsheul,addr
2737045139,street,Hooghe Beer,addr
2737045139,date,2014-10-30,source
2737045139,postcode,2295MX,addr
2737045139,housenumber,14,addr
2737045640,source,BAG,regular
2737045640,city,Kwintsheul,addr
2737045640,street,Hooghe Beer,addr
2737045640,date,2014-10-30,source
2737045640,postcode,2295MX,addr
2737045640,housenumber,20,addr
2737046364,source,BAG,regular
2737046364,city,Honselersdijk,addr
2737046364,street,Harteveldlaan,addr
2737046364,date,2014-10-30,source
2737046364,postcode,2675LE,addr
2737046364,housenumber,44,addr
2737129676,source,BAG,regular
2737129676,city,Honselersdijk,addr
2737129676,street,Middel Broekweg,addr
2737129676,date,2014-10-30,source
2737129676,postcode,2675KG,addr
2737129676,housenumber,100,addr
2737129780,source,BAG,regular
2737129780,city,Honselersdijk,addr
2737129780,street,Molenbroeklaan,addr
2737129780,date,2014-10-30,source
2737129780,postcode,2675LH,addr
2737129780,housenumber,19C,addr
2737129892,source,BAG,regular
2737129892,city,Honselersdijk,addr
2737129892,street,Zwethlaan,addr
2737129892,date,2014-10-30,source
2737129892,postcode,2675LB,addr
2737129892,housenumber,44,addr
2737129993,source,BAG,regular
2737129993,city,Honselersdijk,addr
2737129993,street,Middel Broekweg,addr
2737129993,date,2014-10-30,source
2737129993,postcode,2675KG,addr
2737129993,housenumber,92,addr
2740017885,source,BAG,regular
2740017885,city,Kwintsheul,addr
2740017885,street,Kievit,addr
2740017885,date,2014-10-30,source
2740017885,postcode,2295NT,addr
2740017885,housenumber,1,addr
2740017971,source,BAG,regular
2740017971,city,Kwintsheul,addr
2740017971,street,Leeuwerik,addr
2740017971,date,2014-10-30,source
2740017971,postcode,2295PZ,addr
2740017971,housenumber,106,addr
2740018138,source,BAG,regular
2740018138,city,Kwintsheul,addr
2740018138,street,Hoenderparklaan,addr
2740018138,date,2014-10-30,source
2740018138,postcode,2295NH,addr
2740018138,housenumber,118,addr
2740018253,source,BAG,regular
2740018253,city,Kwintsheul,addr
2740018253,street,Gele Kwikstaart,addr
2740018253,date,2014-10-30,source
2740018253,postcode,2295NN,addr
2740018253,housenumber,13,addr
2740018303,source,BAG,regular
2740018303,city,Kwintsheul,addr
2740018303,street,Leeuwerik,addr
2740018303,date,2014-10-30,source
2740018303,postcode,2295PJ,addr
2740018303,housenumber,146,addr
2740018419,source,BAG,regular
2740018419,city,Kwintsheul,addr
2740018419,street,Leeuwerik,addr
2740018419,date,2014-10-30,source
2740018419,postcode,2295PJ,addr
2740018419,housenumber,160,addr
2740018516,source,BAG,regular
2740018516,city,Kwintsheul,addr
2740018516,street,Lange Wateringkade,addr
2740018516,date,2014-10-30,source
2740018516,postcode,2295RM,addr
2740018516,housenumber,19,addr
2740018751,source,BAG,regular
2740018751,city,Kwintsheul,addr
2740018751,street,Lindehove,addr
2740018751,date,2014-10-30,source
2740018751,postcode,2295RJ,addr
2740018751,housenumber,20,addr
2740019013,source,BAG,regular
2740019013,city,Kwintsheul,addr
2740019013,street,Wilgenhove,addr
2740019013,date,2014-10-30,source
2740019013,postcode,2295RB,addr
2740019013,housenumber,23,addr
2740019208,source,BAG,regular
2740019208,city,Kwintsheul,addr
2740019208,street,Seringenhove,addr
2740019208,date,2014-10-30,source
2740019208,postcode,2295RD,addr
2740019208,housenumber,27,addr
2740019258,source,BAG,regular
2740019258,city,Kwintsheul,addr
2740019258,street,De Imker,addr
2740019258,date,2014-10-30,source
2740019258,postcode,2295NA,addr
2740019258,housenumber,3,addr
2740019308,source,BAG,regular
2740019308,city,Kwintsheul,addr
2740019308,street,Lange Wateringkade,addr
2740019308,date,2014-10-30,source
2740019308,postcode,2295RN,addr
2740019308,housenumber,32,addr
2740019400,source,BAG,regular
2740019400,city,Kwintsheul,addr
2740019400,street,Berestein,addr
2740019400,date,2014-10-30,source
2740019400,postcode,2295PM,addr
2740019400,housenumber,37,addr
2740019640,source,BAG,regular
2740019640,city,Kwintsheul,addr
2740019640,street,Kerkstraat,addr
2740019640,date,2014-10-30,source
2740019640,postcode,2295LH,addr
2740019640,housenumber,40A,addr
2740019901,source,BAG,regular
2740019901,city,Kwintsheul,addr
2740019901,street,Gele Kwikstaart,addr
2740019901,date,2014-10-30,source
2740019901,postcode,2295NS,addr
2740019901,housenumber,48,addr
2740019965,source,BAG,regular
2740019965,city,Kwintsheul,addr
2740019965,street,Grutto,addr
2740019965,date,2014-10-30,source
2740019965,postcode,2295PV,addr
2740019965,housenumber,56,addr
2740020015,source,BAG,regular
2740020015,city,Kwintsheul,addr
2740020015,street,Kerkstraat,addr
2740020015,date,2014-10-30,source
2740020015,postcode,2295LH,addr
2740020015,housenumber,60,addr
2740020198,source,BAG,regular
2740020198,city,Kwintsheul,addr
2740020198,street,Grutto,addr
2740020198,date,2014-10-30,source
2740020198,postcode,2295PV,addr
2740020198,housenumber,74,addr
2740020302,source,BAG,regular
2740020302,city,Kwintsheul,addr
2740020302,street,Hoenderparklaan,addr
2740020302,date,2014-10-30,source
2740020302,postcode,2295NH,addr
2740020302,housenumber,88,addr
2740056770,source,BAG,regular
2740056770,city,Poeldijk,addr
2740056770,street,Wateringseweg,addr
2740056770,date,2014-10-30,source
2740056770,postcode,2685SW,addr
2740056770,housenumber,101A-1,addr
2740057028,source,BAG,regular
2740057028,city,Honselersdijk,addr
2740057028,street,Middel Broekweg,addr
2740057028,date,2014-10-30,source
2740057028,postcode,2675KL,addr
2740057028,housenumber,123,addr
2740057301,source,BAG,regular
2740057301,city,Kwintsheul,addr
2740057301,street,Van Lottomstraat,addr
2740057301,date,2014-10-30,source
2740057301,postcode,2295HB,addr
2740057301,housenumber,15,addr
2740057536,source,BAG,regular
2740057536,city,Kwintsheul,addr
2740057536,street,Snoekbaars,addr
2740057536,date,2014-10-30,source
2740057536,postcode,2295HJ,addr
2740057536,housenumber,2,addr
2740057827,source,BAG,regular
2740057827,city,Kwintsheul,addr
2740057827,street,Gouwlaan,addr
2740057827,date,2014-10-30,source
2740057827,postcode,2295MG,addr
2740057827,housenumber,27,addr
2740058137,source,BAG,regular
2740058137,city,Kwintsheul,addr
2740058137,street,'t Hoogje,addr
2740058137,date,2014-10-30,source
2740058137,postcode,2295HD,addr
2740058137,housenumber,4,addr
2740058414,source,BAG,regular
2740058414,city,Kwintsheul,addr
2740058414,street,Kerkstraat,addr
2740058414,date,2014-10-30,source
2740058414,postcode,2295LC,addr
2740058414,housenumber,53,addr
2740058667,source,BAG,regular
2740058667,city,Kwintsheul,addr
2740058667,street,Brasem,addr
2740058667,date,2014-10-30,source
2740058667,postcode,2295HH,addr
2740058667,housenumber,7,addr
2740058948,source,BAG,regular
2740058948,city,Kwintsheul,addr
2740058948,street,Mariëndijk,addr
2740058948,date,2014-10-30,source
2740058948,postcode,2295LK,addr
2740058948,housenumber,92,addr
2740104408,source,BAG,regular
2740104408,city,Honselersdijk,addr
2740104408,street,van Heijstlaan,addr
2740104408,date,2014-10-30,source
2740104408,postcode,2675VB,addr
2740104408,housenumber,10,addr
2740104495,source,BAG,regular
2740104495,city,Honselersdijk,addr
2740104495,street,Johan van Oldenbarneveldtstraat,addr
2740104495,date,2014-10-30,source
2740104495,postcode,2675TX,addr
2740104495,housenumber,13,addr
2740104578,source,BAG,regular
2740104578,city,Honselersdijk,addr
2740104578,street,Burgemeester van Doornstraat,addr
2740104578,date,2014-10-30,source
2740104578,postcode,2675CX,addr
2740104578,housenumber,16,addr
2740104650,source,BAG,regular
2740104650,city,Honselersdijk,addr
2740104650,street,1e Van Reenenstraat,addr
2740104650,date,2014-10-30,source
2740104650,postcode,2675ST,addr
2740104650,housenumber,18B,addr
2740104700,source,BAG,regular
2740104700,city,Honselersdijk,addr
2740104700,street,Aristotelesstraat,addr
2740104700,date,2014-10-30,source
2740104700,postcode,2675XB,addr
2740104700,housenumber,20,addr
2740104750,source,BAG,regular
2740104750,city,Honselersdijk,addr
2740104750,street,Van Poeljestraat,addr
2740104750,date,2014-10-30,source
2740104750,postcode,2675XA,addr
2740104750,housenumber,23,addr
2740104807,source,BAG,regular
2740104807,city,Honselersdijk,addr
2740104807,street,Molenlaan,addr
2740104807,date,2014-10-30,source
2740104807,postcode,2675CA,addr
2740104807,housenumber,25-28,addr
2740104861,source,BAG,regular
2740104861,city,Honselersdijk,addr
2740104861,street,Johan van Oldenbarneveldtstraat,addr
2740104861,date,2014-10-30,source
2740104861,postcode,2675TZ,addr
2740104861,housenumber,29,addr
2740105081,source,BAG,regular
2740105081,city,Honselersdijk,addr
2740105081,street,Van der Goesstraat,addr
2740105081,date,2014-10-30,source
2740105081,postcode,2675TS,addr
2740105081,housenumber,31,addr
2740105268,source,BAG,regular
2740105268,city,Honselersdijk,addr
2740105268,street,Endeldijk,addr
2740105268,date,2014-10-30,source
2740105268,postcode,2675CS,addr
2740105268,housenumber,36,addr
2740105319,source,BAG,regular
2740105319,city,Honselersdijk,addr
2740105319,street,Pijnacker Hordijklaan,addr
2740105319,date,2014-10-30,source
2740105319,postcode,2675TR,addr
2740105319,housenumber,4,addr
2740105369,source,BAG,regular
2740105369,city,Honselersdijk,addr
2740105369,street,Van Poeljestraat,addr
2740105369,date,2014-10-30,source
2740105369,postcode,2675TB,addr
2740105369,housenumber,46,addr
2740105419,source,BAG,regular
2740105419,city,Honselersdijk,addr
2740105419,street,Pijnacker Hordijklaan,addr
2740105419,date,2014-10-30,source
2740105419,postcode,2675TR,addr
2740105419,housenumber,58,addr
2740105473,source,BAG,regular
2740105473,city,Honselersdijk,addr
2740105473,street,2e Van Reenenstraat,addr
2740105473,date,2014-10-30,source
2740105473,postcode,2675SL,addr
2740105473,housenumber,7,addr
2740105545,source,BAG,regular
2740105545,city,Honselersdijk,addr
2740105545,street,Stompersdijk,addr
2740105545,date,2014-10-30,source
2740105545,postcode,2675EE,addr
2740105545,housenumber,8,addr
2740105635,source,BAG,regular
2740105635,city,Honselersdijk,addr
2740105635,street,Burgemeester Hoogenboomstraat,addr
2740105635,date,2014-10-30,source
2740105635,postcode,2675TG,addr
2740105635,housenumber,92,addr
2740154064,source,BAG,regular
2740154064,city,Honselersdijk,addr
2740154064,street,Havikshorst,addr
2740154064,date,2014-10-30,source
2740154064,postcode,2675WC,addr
2740154064,housenumber,10,addr
2740154114,source,BAG,regular
2740154114,city,Honselersdijk,addr
2740154114,street,Adelaarshorst,addr
2740154114,date,2014-10-30,source
2740154114,postcode,2675WL,addr
2740154114,housenumber,12,addr
2740154172,source,BAG,regular
2740154172,city,Honselersdijk,addr
2740154172,street,Arendshorst,addr
2740154172,date,2014-10-30,source
2740154172,postcode,2675WX,addr
2740154172,housenumber,14,addr
2740154246,source,BAG,regular
2740154246,city,Honselersdijk,addr
2740154246,street,Merelstraat,addr
2740154246,date,2014-10-30,source
2740154246,postcode,2675VP,addr
2740154246,housenumber,16,addr
2740154296,source,BAG,regular
2740154296,city,Honselersdijk,addr
2740154296,street,Nachtegaalstraat,addr
2740154296,date,2014-10-30,source
2740154296,postcode,2675XV,addr
2740154296,housenumber,19,addr
2740154348,source,BAG,regular
2740154348,city,Honselersdijk,addr
2740154348,street,Havikshorst,addr
2740154348,date,2014-10-30,source
2740154348,postcode,2675WB,addr
2740154348,housenumber,21,addr
2740154400,source,BAG,regular
2740154400,city,Honselersdijk,addr
2740154400,street,Patrijslaan,addr
2740154400,date,2014-10-30,source
2740154400,postcode,2675VX,addr
2740154400,housenumber,24,addr
2740154515,source,BAG,regular
2740154515,city,Honselersdijk,addr
2740154515,street,De Hunselaer,addr
2740154515,date,2014-10-30,source
2740154515,postcode,2675XN,addr
2740154515,housenumber,28,addr
2740154679,source,BAG,regular
2740154679,city,Honselersdijk,addr
2740154679,street,Uilehorst,addr
2740154679,date,2014-10-30,source
2740154679,postcode,2675WS,addr
2740154679,housenumber,2X,addr
2740154739,source,BAG,regular
2740154739,city,Honselersdijk,addr
2740154739,street,Hofstraat,addr
2740154739,date,2014-10-30,source
2740154739,postcode,2675AJ,addr
2740154739,housenumber,31B,addr
2740154806,source,BAG,regular
2740154806,city,Honselersdijk,addr
2740154806,street,Uilehorst,addr
2740154806,date,2014-10-30,source
2740154806,postcode,2675WP,addr
2740154806,housenumber,35,addr
2740154909,source,BAG,regular
2740154909,city,Honselersdijk,addr
2740154909,street,De Hunselaer,addr
2740154909,date,2014-10-30,source
2740154909,postcode,2675XN,addr
2740154909,housenumber,4,addr
2740154961,source,BAG,regular
2740154961,city,Honselersdijk,addr
2740154961,street,Patrijslaan,addr
2740154961,date,2014-10-30,source
2740154961,postcode,2675VT,addr
2740154961,housenumber,43,addr
2740155056,source,BAG,regular
2740155056,city,Honselersdijk,addr
2740155056,street,Amalia van Solmsstraat,addr
2740155056,date,2014-10-30,source
2740155056,postcode,2675AN,addr
2740155056,housenumber,49,addr
2740155234,source,BAG,regular
2740155234,city,Honselersdijk,addr
2740155234,street,De Hunselaer,addr
2740155234,date,2014-10-30,source
2740155234,postcode,2675XP,addr
2740155234,housenumber,52,addr
2740155286,source,BAG,regular
2740155286,city,Honselersdijk,addr
2740155286,street,Molenlaan,addr
2740155286,date,2014-10-30,source
2740155286,postcode,2675CE,addr
2740155286,housenumber,58,addr
2740155376,source,BAG,regular
2740155376,city,Honselersdijk,addr
2740155376,street,Patrijslaan,addr
2740155376,date,2014-10-30,source
2740155376,postcode,2675VT,addr
2740155376,housenumber,63,addr
2740155426,source,BAG,regular
2740155426,city,Honselersdijk,addr
2740155426,street,Sperwerhorst,addr
2740155426,date,2014-10-30,source
2740155426,postcode,2675WV,addr
2740155426,housenumber,7,addr
2740155476,source,BAG,regular
2740155476,city,Honselersdijk,addr
2740155476,street,Sperwerhorst,addr
2740155476,date,2014-10-30,source
2740155476,postcode,2675WT,addr
2740155476,housenumber,8,addr
2740155526,source,BAG,regular
2740155526,city,Honselersdijk,addr
2740155526,street,Ravehorst,addr
2740155526,date,2014-10-30,source
2740155526,postcode,2675WG,addr
2740155526,housenumber,9,addr
2740187292,source,BAG,regular
2740187292,city,Honselersdijk,addr
2740187292,street,Burgemeester Elsenweg,addr
2740187292,date,2014-10-30,source
2740187292,postcode,2675AB,addr
2740187292,housenumber,23A,addr
2740187692,source,BAG,regular
2740187692,city,Honselersdijk,addr
2740187692,street,Dijkweg,addr
2740187692,date,2014-10-30,source
2740187692,postcode,2675AE,addr
2740187692,housenumber,66,addr
2740258101,source,BAG,regular
2740258101,city,Honselersdijk,addr
2740258101,street,Groenelaan,addr
2740258101,date,2014-10-30,source
2740258101,postcode,2675RS,addr
2740258101,housenumber,104,addr
2740258419,source,BAG,regular
2740258419,city,Honselersdijk,addr
2740258419,street,Groenelaan,addr
2740258419,date,2014-10-30,source
2740258419,postcode,2675RS,addr
2740258419,housenumber,120,addr
2740258801,source,BAG,regular
2740258801,city,Honselersdijk,addr
2740258801,street,Biesbos,addr
2740258801,date,2014-10-30,source
2740258801,postcode,2675RE,addr
2740258801,housenumber,14,addr
2740258922,source,BAG,regular
2740258922,city,Honselersdijk,addr
2740258922,street,Grote Waard,addr
2740258922,date,2014-10-30,source
2740258922,postcode,2675BX,addr
2740258922,housenumber,17,addr
2740259031,source,BAG,regular
2740259031,city,Honselersdijk,addr
2740259031,street,Elisabethvloed,addr
2740259031,date,2014-10-30,source
2740259031,postcode,2675RD,addr
2740259031,housenumber,21,addr
2740259128,source,BAG,regular
2740259128,city,Honselersdijk,addr
2740259128,street,Hofzicht,addr
2740259128,date,2014-10-30,source
2740259128,postcode,2675BZ,addr
2740259128,housenumber,26,addr
2740259293,source,BAG,regular
2740259293,city,Honselersdijk,addr
2740259293,street,Groenelaan,addr
2740259293,date,2014-10-30,source
2740259293,postcode,2675BS,addr
2740259293,housenumber,31,addr
2740259411,source,BAG,regular
2740259411,city,Honselersdijk,addr
2740259411,street,Grote Waard,addr
2740259411,date,2014-10-30,source
2740259411,postcode,2675BX,addr
2740259411,housenumber,40,addr
2740259871,source,BAG,regular
2740259871,city,Honselersdijk,addr
2740259871,street,Groenelaan,addr
2740259871,date,2014-10-30,source
2740259871,postcode,2675BT,addr
2740259871,housenumber,52,addr
2740260191,source,BAG,regular
2740260191,city,Honselersdijk,addr
2740260191,street,Westlander,addr
2740260191,date,2014-10-30,source
2740260191,postcode,2675RM,addr
2740260191,housenumber,67,addr
2740260538,source,BAG,regular
2740260538,city,Honselersdijk,addr
2740260538,street,Hofwijk,addr
2740260538,date,2014-10-30,source
2740260538,postcode,2675BW,addr
2740260538,housenumber,8,addr
2740260814,source,BAG,regular
2740260814,city,Honselersdijk,addr
2740260814,street,Groenelaan,addr
2740260814,date,2014-10-30,source
2740260814,postcode,2675RS,addr
2740260814,housenumber,94,addr
2740401602,source,BAG,regular
2740401602,city,Honselersdijk,addr
2740401602,street,Bredenel,addr
2740401602,date,2014-10-30,source
2740401602,postcode,2675DD,addr
2740401602,housenumber,1,addr
2740402083,source,BAG,regular
2740402083,city,Honselersdijk,addr
2740402083,street,Gantel,addr
2740402083,date,2014-10-30,source
2740402083,postcode,2675CH,addr
2740402083,housenumber,14,addr
2740402519,source,BAG,regular
2740402519,city,Honselersdijk,addr
2740402519,street,Gantel,addr
2740402519,date,2014-10-30,source
2740402519,postcode,2675CH,addr
2740402519,housenumber,18A,addr
2740402897,source,BAG,regular
2740402897,city,Honselersdijk,addr
2740402897,street,Poeldijksepad,addr
2740402897,date,2014-10-30,source
2740402897,postcode,2675CM,addr
2740402897,housenumber,24,addr
2740403164,source,BAG,regular
2740403164,city,Honselersdijk,addr
2740403164,street,Bredenel,addr
2740403164,date,2014-10-30,source
2740403164,postcode,2675DD,addr
2740403164,housenumber,3,addr
2740403476,source,BAG,regular
2740403476,city,Honselersdijk,addr
2740403476,street,Nieuweweg,addr
2740403476,date,2014-10-30,source
2740403476,postcode,2675BH,addr
2740403476,housenumber,40,addr
2740403706,source,BAG,regular
2740403706,city,Honselersdijk,addr
2740403706,street,Van Brienenlaan,addr
2740403706,date,2014-10-30,source
2740403706,postcode,2675BV,addr
2740403706,housenumber,6,addr
2740403756,source,BAG,regular
2740403756,city,Honselersdijk,addr
2740403756,street,Nieuweweg,addr
2740403756,date,2014-10-30,source
2740403756,postcode,2675BE,addr
2740403756,housenumber,86A,addr
2740777466,source,BAG,regular
2740777466,city,Poeldijk,addr
2740777466,street,Wittebrug,addr
2740777466,date,2014-10-30,source
2740777466,postcode,2685ES,addr
2740777466,housenumber,1,addr
2740777702,source,BAG,regular
2740777702,city,Poeldijk,addr
2740777702,street,Rijsenburgerweg,addr
2740777702,date,2014-10-30,source
2740777702,postcode,2685EB,addr
2740777702,housenumber,10C,addr
2740777931,source,BAG,regular
2740777931,city,Poeldijk,addr
2740777931,street,Rijsenburgerplaats,addr
2740777931,date,2014-10-30,source
2740777931,postcode,2685GA,addr
2740777931,housenumber,13,addr
2740778302,source,BAG,regular
2740778302,city,Poeldijk,addr
2740778302,street,Irenestraat,addr
2740778302,date,2014-10-30,source
2740778302,postcode,2685CB,addr
2740778302,housenumber,16,addr
2740778707,source,BAG,regular
2740778707,city,Poeldijk,addr
2740778707,street,Voorstraat,addr
2740778707,date,2014-10-30,source
2740778707,postcode,2685EH,addr
2740778707,housenumber,19,addr
2740778923,source,BAG,regular
2740778923,city,Poeldijk,addr
2740778923,street,Wateringseweg,addr
2740778923,date,2014-10-30,source
2740778923,postcode,2685ST,addr
2740778923,housenumber,25,addr
2740779073,source,BAG,regular
2740779073,city,Poeldijk,addr
2740779073,street,Voorstraat,addr
2740779073,date,2014-10-30,source
2740779073,postcode,2685EH,addr
2740779073,housenumber,33,addr
2740779185,source,BAG,regular
2740779185,city,Poeldijk,addr
2740779185,street,Het Endhof,addr
2740779185,date,2014-10-30,source
2740779185,postcode,2685GC,addr
2740779185,housenumber,43,addr
2740779488,source,BAG,regular
2740779488,city,Poeldijk,addr
2740779488,street,Het Endhof,addr
2740779488,date,2014-10-30,source
2740779488,postcode,2685GC,addr
2740779488,housenumber,51,addr
2740779811,source,BAG,regular
2740779811,city,Poeldijk,addr
2740779811,street,Voorstraat,addr
2740779811,date,2014-10-30,source
2740779811,postcode,2685EJ,addr
2740779811,housenumber,59A-1,addr
2740780126,source,BAG,regular
2740780126,city,Poeldijk,addr
2740780126,street,Jan Barendselaan,addr
2740780126,date,2014-10-30,source
2740780126,postcode,2685BN,addr
2740780126,housenumber,7,addr
2740780390,source,BAG,regular
2740780390,city,Poeldijk,addr
2740780390,street,Wittebrug,addr
2740780390,date,2014-10-30,source
2740780390,postcode,2685EW,addr
2740780390,housenumber,81,addr
2740780696,source,BAG,regular
2740780696,city,Poeldijk,addr
2740780696,street,Wittebrug,addr
2740780696,date,2014-10-30,source
2740780696,postcode,2685EX,addr
2740780696,housenumber,94,addr
2740821572,source,BAG,regular
2740821572,city,Poeldijk,addr
2740821572,street,Slachthuiskade,addr
2740821572,date,2014-10-30,source
2740821572,postcode,2685LN,addr
2740821572,housenumber,10X,addr
2740821940,source,BAG,regular
2740821940,city,Poeldijk,addr
2740821940,street,Monsterseweg,addr
2740821940,date,2014-10-30,source
2740821940,postcode,2685LH,addr
2740821940,housenumber,22,addr
2740822298,source,BAG,regular
2740822298,city,Poeldijk,addr
2740822298,street,Mercuriusplein,addr
2740822298,date,2014-10-30,source
2740822298,postcode,2685LP,addr
2740822298,housenumber,4,addr
2740822649,source,BAG,regular
2740822649,city,Poeldijk,addr
2740822649,street,Monsterseweg,addr
2740822649,date,2014-10-30,source
2740822649,postcode,2685LJ,addr
2740822649,housenumber,76,addr
2740892635,source,BAG,regular
2740892635,city,Poeldijk,addr
2740892635,street,Van Ruyvenlaan,addr
2740892635,date,2014-10-30,source
2740892635,postcode,2685LC,addr
2740892635,housenumber,2,addr
2740893181,source,BAG,regular
2740893181,city,Poeldijk,addr
2740893181,street,Vredebestlaan,addr
2740893181,date,2014-10-30,source
2740893181,postcode,2685AJ,addr
2740893181,housenumber,7,addr
2745968208,source,BAG,regular
2745968208,city,Honselersdijk,addr
2745968208,street,Bospolder,addr
2745968208,date,2014-10-30,source
2745968208,postcode,2675BL,addr
2745968208,housenumber,17A,addr
2745968626,source,BAG,regular
2745968626,city,Honselersdijk,addr
2745968626,street,Nieuweweg,addr
2745968626,date,2014-10-30,source
2745968626,postcode,2675BE,addr
2745968626,housenumber,37,addr
2745968977,source,BAG,regular
2745968977,city,Honselersdijk,addr
2745968977,street,Nieuweweg,addr
2745968977,date,2014-10-30,source
2745968977,postcode,2675BG,addr
2745968977,housenumber,61,addr
2746227408,source,BAG,regular
2746227408,city,Naaldwijk,addr
2746227408,street,Dijkweg,addr
2746227408,date,2014-10-30,source
2746227408,postcode,2671CX,addr
2746227408,housenumber,107,addr
2746228034,source,BAG,regular
2746228034,city,Naaldwijk,addr
2746228034,street,Gildestraat,addr
2746228034,date,2014-10-30,source
2746228034,postcode,2671BV,addr
2746228034,housenumber,121,addr
2746228895,source,BAG,regular
2746228895,city,Naaldwijk,addr
2746228895,street,Grote Woerdlaan,addr
2746228895,date,2014-10-30,source
2746228895,postcode,2671CL,addr
2746228895,housenumber,14E,addr
2746229406,source,BAG,regular
2746229406,city,Naaldwijk,addr
2746229406,street,Bloementuin,addr
2746229406,date,2014-10-30,source
2746229406,postcode,2672DW,addr
2746229406,housenumber,19,addr
2746230056,source,BAG,regular
2746230056,city,Naaldwijk,addr
2746230056,street,Hovenierstraat,addr
2746230056,date,2014-10-30,source
2746230056,postcode,2671DB,addr
2746230056,housenumber,23,addr
2746230588,source,BAG,regular
2746230588,city,Naaldwijk,addr
2746230588,street,Klompenmakerstraat,addr
2746230588,date,2014-10-30,source
2746230588,postcode,2672GA,addr
2746230588,housenumber,30,addr
2746231118,source,BAG,regular
2746231118,city,Naaldwijk,addr
2746231118,street,Fazanterie,addr
2746231118,date,2014-10-30,source
2746231118,postcode,2672DX,addr
2746231118,housenumber,4,addr
2746231460,source,BAG,regular
2746231460,city,Naaldwijk,addr
2746231460,street,Slachthuisstraat,addr
2746231460,date,2014-10-30,source
2746231460,postcode,2671CV,addr
2746231460,housenumber,5,addr
2746231853,source,BAG,regular
2746231853,city,Naaldwijk,addr
2746231853,street,Industriestraat,addr
2746231853,date,2014-10-30,source
2746231853,postcode,2671CT,addr
2746231853,housenumber,6H,addr
2746232351,source,BAG,regular
2746232351,city,Naaldwijk,addr
2746232351,street,Industriestraat,addr
2746232351,date,2014-10-30,source
2746232351,postcode,2671CT,addr
2746232351,housenumber,8D,addr
2746333556,source,BAG,regular
2746333556,city,Naaldwijk,addr
2746333556,street,Duiventorenstraat,addr
2746333556,date,2014-10-30,source
2746333556,postcode,2671AK,addr
2746333556,housenumber,103,addr
2746334147,source,BAG,regular
2746334147,city,Naaldwijk,addr
2746334147,street,Kleine Woerdlaan,addr
2746334147,date,2014-10-30,source
2746334147,postcode,2671CC,addr
2746334147,housenumber,12,addr
2746334669,source,BAG,regular
2746334669,city,Naaldwijk,addr
2746334669,street,De Zijpe,addr
2746334669,date,2014-10-30,source
2746334669,postcode,2673BE,addr
2746334669,housenumber,14,addr
2746335304,source,BAG,regular
2746335304,city,Naaldwijk,addr
2746335304,street,Beatrix van Liesveldstraat,addr
2746335304,date,2014-10-30,source
2746335304,postcode,2671AC,addr
2746335304,housenumber,16,addr
2746335845,source,BAG,regular
2746335845,city,Naaldwijk,addr
2746335845,street,De Schie,addr
2746335845,date,2014-10-30,source
2746335845,postcode,2673BJ,addr
2746335845,housenumber,18,addr
2746336621,source,BAG,regular
2746336621,city,Naaldwijk,addr
2746336621,street,Hendrik van Naaldwijkstraat,addr
2746336621,date,2014-10-30,source
2746336621,postcode,2671BC,addr
2746336621,housenumber,2,addr
2746337140,source,BAG,regular
2746337140,city,Naaldwijk,addr
2746337140,street,Verburchlaan,addr
2746337140,date,2014-10-30,source
2746337140,postcode,2671CP,addr
2746337140,housenumber,21,addr
2746337670,source,BAG,regular
2746337670,city,Naaldwijk,addr
2746337670,street,Kleine Woerdlaan,addr
2746337670,date,2014-10-30,source
2746337670,postcode,2671CC,addr
2746337670,housenumber,24,addr
2746338115,source,BAG,regular
2746338115,city,Naaldwijk,addr
2746338115,street,Lage Woerd,addr
2746338115,date,2014-10-30,source
2746338115,postcode,2671AE,addr
2746338115,housenumber,27,addr
2746338714,source,BAG,regular
2746338714,city,Naaldwijk,addr
2746338714,street,Van der Doortogestraat,addr
2746338714,date,2014-10-30,source
2746338714,postcode,2671BR,addr
2746338714,housenumber,3,addr
2746339328,source,BAG,regular
2746339328,city,Naaldwijk,addr
2746339328,street,Noordkaper,addr
2746339328,date,2014-10-30,source
2746339328,postcode,2673CC,addr
2746339328,housenumber,34,addr
2746339843,source,BAG,regular
2746339843,city,Naaldwijk,addr
2746339843,street,Beloega,addr
2746339843,date,2014-10-30,source
2746339843,postcode,2673CS,addr
2746339843,housenumber,4,addr
2746340442,source,BAG,regular
2746340442,city,Naaldwijk,addr
2746340442,street,Kleine Woerdlaan,addr
2746340442,date,2014-10-30,source
2746340442,postcode,2671AS,addr
2746340442,housenumber,42,addr
2746340812,source,BAG,regular
2746340812,city,Naaldwijk,addr
2746340812,street,Indische Oceaan,addr
2746340812,date,2014-10-30,source
2746340812,postcode,2673CA,addr
2746340812,housenumber,47,addr
2746341181,source,BAG,regular
2746341181,city,Naaldwijk,addr
2746341181,street,Kleine Woerdlaan,addr
2746341181,date,2014-10-30,source
2746341181,postcode,2671AS,addr
2746341181,housenumber,50,addr
2746341555,source,BAG,regular
2746341555,city,Naaldwijk,addr
2746341555,street,De Dintel,addr
2746341555,date,2014-10-30,source
2746341555,postcode,2673BB,addr
2746341555,housenumber,58,addr
2746341931,source,BAG,regular
2746341931,city,Naaldwijk,addr
2746341931,street,Van Lijnschootenlaan,addr
2746341931,date,2014-10-30,source
2746341931,postcode,2671CJ,addr
2746341931,housenumber,62,addr
2746342384,source,BAG,regular
2746342384,city,Naaldwijk,addr
2746342384,street,Van Lijnschootenlaan,addr
2746342384,date,2014-10-30,source
2746342384,postcode,2671CE,addr
2746342384,housenumber,71,addr
2746342760,source,BAG,regular
2746342760,city,Naaldwijk,addr
2746342760,street,De Dommel,addr
2746342760,date,2014-10-30,source
2746342760,postcode,2673BG,addr
2746342760,housenumber,81,addr
2746343325,source,BAG,regular
2746343325,city,Naaldwijk,addr
2746343325,street,Duiventorenstraat,addr
2746343325,date,2014-10-30,source
2746343325,postcode,2671AK,addr
2746343325,housenumber,95,addr
2746489634,source,BAG,regular
2746489634,city,Naaldwijk,addr
2746489634,street,Crocus,addr
2746489634,date,2014-10-30,source
2746489634,postcode,2671ZA,addr
2746489634,housenumber,2,addr
2746490778,source,BAG,regular
2746490778,city,Naaldwijk,addr
2746490778,street,Tulp,addr
2746490778,date,2014-10-30,source
2746490778,postcode,2671ZC,addr
2746490778,housenumber,3,addr
2746491976,source,BAG,regular
2746491976,city,Naaldwijk,addr
2746491976,street,Tulp,addr
2746491976,date,2014-10-30,source
2746491976,postcode,2671ZC,addr
2746491976,housenumber,5,addr
2748044630,source,BAG,regular
2748044630,city,Naaldwijk,addr
2748044630,street,Molenstraat,addr
2748044630,date,2014-10-30,source
2748044630,postcode,2671EV,addr
2748044630,housenumber,1,addr
2748044955,source,BAG,regular
2748044955,city,Naaldwijk,addr
2748044955,street,Franckstraat,addr
2748044955,date,2014-10-30,source
2748044955,postcode,2671VK,addr
2748044955,housenumber,1-GA38,addr
2748045306,source,BAG,regular
2748045306,city,Naaldwijk,addr
2748045306,street,Vivaldi,addr
2748045306,date,2014-10-30,source
2748045306,postcode,2671XA,addr
2748045306,housenumber,10,addr
2748045574,source,BAG,regular
2748045574,city,Naaldwijk,addr
2748045574,street,Dijkweg,addr
2748045574,date,2014-10-30,source
2748045574,postcode,2671GA,addr
2748045574,housenumber,11,addr
2748045752,source,BAG,regular
2748045752,city,Naaldwijk,addr
2748045752,street,Gerberalaan,addr
2748045752,date,2014-10-30,source
2748045752,postcode,2671KC,addr
2748045752,housenumber,111,addr
2748045990,source,BAG,regular
2748045990,city,Naaldwijk,addr
2748045990,street,Secretaris Verhoeffweg,addr
2748045990,date,2014-10-30,source
2748045990,postcode,2671HT,addr
2748045990,housenumber,11S,addr
2748046188,source,BAG,regular
2748046188,city,Naaldwijk,addr
2748046188,street,Wagenaarstraat,addr
2748046188,date,2014-10-30,source
2748046188,postcode,2671TX,addr
2748046188,housenumber,12,addr
2748046498,source,BAG,regular
2748046498,city,Naaldwijk,addr
2748046498,street,Havenplein,addr
2748046498,date,2014-10-30,source
2748046498,postcode,2671GV,addr
2748046498,housenumber,13,addr
2748046871,source,BAG,regular
2748046871,city,Naaldwijk,addr
2748046871,street,Händellaan,addr
2748046871,date,2014-10-30,source
2748046871,postcode,2671VH,addr
2748046871,housenumber,136,addr
2748047028,source,BAG,regular
2748047028,city,Naaldwijk,addr
2748047028,street,Kruisweg,addr
2748047028,date,2014-10-30,source
2748047028,postcode,2671JZ,addr
2748047028,housenumber,14,addr
2748047295,source,BAG,regular
2748047295,city,Naaldwijk,addr
2748047295,street,Sint Martinusstraat,addr
2748047295,date,2014-10-30,source
2748047295,postcode,2671GK,addr
2748047295,housenumber,149,addr
2748047440,source,BAG,regular
2748047440,city,Naaldwijk,addr
2748047440,street,Wagenaarstraat,addr
2748047440,date,2014-10-30,source
2748047440,postcode,2671TT,addr
2748047440,housenumber,15-GA06,addr
2748047646,source,BAG,regular
2748047646,city,Naaldwijk,addr
2748047646,street,Diepenbrockstraat,addr
2748047646,date,2014-10-30,source
2748047646,postcode,2671TH,addr
2748047646,housenumber,16,addr
2748047861,source,BAG,regular
2748047861,city,Naaldwijk,addr
2748047861,street,Prins Hendrikstraat,addr
2748047861,date,2014-10-30,source
2748047861,postcode,2671JH,addr
2748047861,housenumber,16B,addr
2748048190,source,BAG,regular
2748048190,city,Naaldwijk,addr
2748048190,street,Bizet,addr
2748048190,date,2014-10-30,source
2748048190,postcode,2671XW,addr
2748048190,housenumber,175,addr
2748048720,source,BAG,regular
2748048720,city,Naaldwijk,addr
2748048720,street,Willem van Hooffstraat,addr
2748048720,date,2014-10-30,source
2748048720,postcode,2671JC,addr
2748048720,housenumber,18,addr
2748049316,source,BAG,regular
2748049316,city,Naaldwijk,addr
2748049316,street,Van Tijnplein,addr
2748049316,date,2014-10-30,source
2748049316,postcode,2671HP,addr
2748049316,housenumber,19,addr
2748049683,source,BAG,regular
2748049683,city,Naaldwijk,addr
2748049683,street,Diepenbrockstraat,addr
2748049683,date,2014-10-30,source
2748049683,postcode,2671TH,addr
2748049683,housenumber,2,addr
2748050093,source,BAG,regular
2748050093,city,Naaldwijk,addr
2748050093,street,Leliestraat,addr
2748050093,date,2014-10-30,source
2748050093,postcode,2671KM,addr
2748050093,housenumber,2-GA06,addr
2748050251,source,BAG,regular
2748050251,city,Naaldwijk,addr
2748050251,street,Anjerhof,addr
2748050251,date,2014-10-30,source
2748050251,postcode,2671ZW,addr
2748050251,housenumber,21,addr
2748050478,source,BAG,regular
2748050478,city,Naaldwijk,addr
2748050478,street,Herenstraat,addr
2748050478,date,2014-10-30,source
2748050478,postcode,2671JA,addr
2748050478,housenumber,22,addr
2748050659,source,BAG,regular
2748050659,city,Naaldwijk,addr
2748050659,street,Stokdijkkade,addr
2748050659,date,2014-10-30,source
2748050659,postcode,2671GX,addr
2748050659,housenumber,23,addr
2748050825,source,BAG,regular
2748050825,city,Naaldwijk,addr
2748050825,street,Sint Martinusstraat,addr
2748050825,date,2014-10-30,source
2748050825,postcode,2671GK,addr
2748050825,housenumber,247,addr
2748051052,source,BAG,regular
2748051052,city,Naaldwijk,addr
2748051052,street,Havenstraat,addr
2748051052,date,2014-10-30,source
2748051052,postcode,2671GJ,addr
2748051052,housenumber,26,addr
2748051235,source,BAG,regular
2748051235,city,Naaldwijk,addr
2748051235,street,Willem van Hooffstraat,addr
2748051235,date,2014-10-30,source
2748051235,postcode,2671JC,addr
2748051235,housenumber,27,addr
2748051729,source,BAG,regular
2748051729,city,Naaldwijk,addr
2748051729,street,Molenstraat,addr
2748051729,date,2014-10-30,source
2748051729,postcode,2671EW,addr
2748051729,housenumber,29,addr
2748052223,source,BAG,regular
2748052223,city,Naaldwijk,addr
2748052223,street,Bartòk,addr
2748052223,date,2014-10-30,source
2748052223,postcode,2671XD,addr
2748052223,housenumber,3,addr
2748052649,source,BAG,regular
2748052649,city,Naaldwijk,addr
2748052649,street,Verspycklaan,addr
2748052649,date,2014-10-30,source
2748052649,postcode,2671CR,addr
2748052649,housenumber,3,addr
2748053335,source,BAG,regular
2748053335,city,Naaldwijk,addr
2748053335,street,Sint Martinusstraat,addr
2748053335,date,2014-10-30,source
2748053335,postcode,2671GK,addr
2748053335,housenumber,301,addr
2748053570,source,BAG,regular
2748053570,city,Naaldwijk,addr
2748053570,street,Dijkweg,addr
2748053570,date,2014-10-30,source
2748053570,postcode,2671GA,addr
2748053570,housenumber,31-ap15,addr
2748053795,source,BAG,regular
2748053795,city,Naaldwijk,addr
2748053795,street,Graanveld,addr
2748053795,date,2014-10-30,source
2748053795,postcode,2671ZN,addr
2748053795,housenumber,33,addr
2748053967,source,BAG,regular
2748053967,city,Naaldwijk,addr
2748053967,street,Dijkweg,addr
2748053967,date,2014-10-30,source
2748053967,postcode,2671GA,addr
2748053967,housenumber,35,addr
2748054179,source,BAG,regular
2748054179,city,Naaldwijk,addr
2748054179,street,Anjerhof,addr
2748054179,date,2014-10-30,source
2748054179,postcode,2671ZW,addr
2748054179,housenumber,37,addr
2748054422,source,BAG,regular
2748054422,city,Naaldwijk,addr
2748054422,street,Frederik Hendrikstraat,addr
2748054422,date,2014-10-30,source
2748054422,postcode,2671GN,addr
2748054422,housenumber,39,addr
2748054654,source,BAG,regular
2748054654,city,Naaldwijk,addr
2748054654,street,Prinses Julianastraat,addr
2748054654,date,2014-10-30,source
2748054654,postcode,2671EJ,addr
2748054654,housenumber,4,addr
2748055010,source,BAG,regular
2748055010,city,Naaldwijk,addr
2748055010,street,Koningstraat,addr
2748055010,date,2014-10-30,source
2748055010,postcode,2671JT,addr
2748055010,housenumber,41,addr
2748055381,source,BAG,regular
2748055381,city,Naaldwijk,addr
2748055381,street,Verdilaan,addr
2748055381,date,2014-10-30,source
2748055381,postcode,2671VW,addr
2748055381,housenumber,43,addr
2748055541,source,BAG,regular
2748055541,city,Naaldwijk,addr
2748055541,street,Molenstraat,addr
2748055541,date,2014-10-30,source
2748055541,postcode,2671EZ,addr
2748055541,housenumber,46,addr
2748055776,source,BAG,regular
2748055776,city,Naaldwijk,addr
2748055776,street,Wagenaarstraat,addr
2748055776,date,2014-10-30,source
2748055776,postcode,2671TW,addr
2748055776,housenumber,49,addr
2748055937,source,BAG,regular
2748055937,city,Naaldwijk,addr
2748055937,street,Mozartstraat,addr
2748055937,date,2014-10-30,source
2748055937,postcode,2671TE,addr
2748055937,housenumber,5,addr
2748056204,source,BAG,regular
2748056204,city,Naaldwijk,addr
2748056204,street,Secretaris Verhoeffweg,addr
2748056204,date,2014-10-30,source
2748056204,postcode,2671HT,addr
2748056204,housenumber,5-ap20,addr
2748056400,source,BAG,regular
2748056400,city,Naaldwijk,addr
2748056400,street,Verdilaan,addr
2748056400,date,2014-10-30,source
2748056400,postcode,2671VA,addr
2748056400,housenumber,51,addr
2748056571,source,BAG,regular
2748056571,city,Naaldwijk,addr
2748056571,street,Willem van Hooffstraat,addr
2748056571,date,2014-10-30,source
2748056571,postcode,2671JC,addr
2748056571,housenumber,55,addr
2748056796,source,BAG,regular
2748056796,city,Naaldwijk,addr
2748056796,street,Gerberalaan,addr
2748056796,date,2014-10-30,source
2748056796,postcode,2671KB,addr
2748056796,housenumber,59,addr
2748056948,source,BAG,regular
2748056948,city,Naaldwijk,addr
2748056948,street,Strauss,addr
2748056948,date,2014-10-30,source
2748056948,postcode,2671XB,addr
2748056948,housenumber,6,addr
2748057153,source,BAG,regular
2748057153,city,Naaldwijk,addr
2748057153,street,Gerberalaan,addr
2748057153,date,2014-10-30,source
2748057153,postcode,2671KB,addr
2748057153,housenumber,63,addr
2748057316,source,BAG,regular
2748057316,city,Naaldwijk,addr
2748057316,street,Gerberalaan,addr
2748057316,date,2014-10-30,source
2748057316,postcode,2671KE,addr
2748057316,housenumber,68F,addr
2748057537,source,BAG,regular
2748057537,city,Naaldwijk,addr
2748057537,street,Simon van Slingerlandtstraat,addr
2748057537,date,2014-10-30,source
2748057537,postcode,2671HV,addr
2748057537,housenumber,7,addr
2748058204,source,BAG,regular
2748058204,city,Naaldwijk,addr
2748058204,street,Wagenaarstraat,addr
2748058204,date,2014-10-30,source
2748058204,postcode,2671TW,addr
2748058204,housenumber,73,addr
2748058874,source,BAG,regular
2748058874,city,Naaldwijk,addr
2748058874,street,Anjerlaan,addr
2748058874,date,2014-10-30,source
2748058874,postcode,2671KJ,addr
2748058874,housenumber,8,addr
2748059530,source,BAG,regular
2748059530,city,Naaldwijk,addr
2748059530,street,Händellaan,addr
2748059530,date,2014-10-30,source
2748059530,postcode,2671VE,addr
2748059530,housenumber,80,addr
2748059894,source,BAG,regular
2748059894,city,Naaldwijk,addr
2748059894,street,Gerberalaan,addr
2748059894,date,2014-10-30,source
2748059894,postcode,2671KC,addr
2748059894,housenumber,89,addr
2748060404,source,BAG,regular
2748060404,city,Naaldwijk,addr
2748060404,street,Van Beethovenstraat,addr
2748060404,date,2014-10-30,source
2748060404,postcode,2671TC,addr
2748060404,housenumber,9,addr
2748060755,source,BAG,regular
2748060755,city,Naaldwijk,addr
2748060755,street,Gerberalaan,addr
2748060755,date,2014-10-30,source
2748060755,postcode,2671KC,addr
2748060755,housenumber,91,addr
2748061108,source,BAG,regular
2748061108,city,Naaldwijk,addr
2748061108,street,Gerberalaan,addr
2748061108,date,2014-10-30,source
2748061108,postcode,2671KA,addr
2748061108,housenumber,9B,addr
2748157901,source,BAG,regular
2748157901,city,Naaldwijk,addr
2748157901,street,Ruys de Beerenbrouckstraat,addr
2748157901,date,2014-10-30,source
2748157901,postcode,2672DB,addr
2748157901,housenumber,10,addr
2748157965,source,BAG,regular
2748157965,city,Naaldwijk,addr
2748157965,street,Nolensstraat,addr
2748157965,date,2014-10-30,source
2748157965,postcode,2672BH,addr
2748157965,housenumber,11,addr
2748158272,source,BAG,regular
2748158272,city,Naaldwijk,addr
2748158272,street,Schaepmanstraat,addr
2748158272,date,2014-10-30,source
2748158272,postcode,2672AS,addr
2748158272,housenumber,12,addr
2748158479,source,BAG,regular
2748158479,city,Naaldwijk,addr
2748158479,street,Talmastraat,addr
2748158479,date,2014-10-30,source
2748158479,postcode,2672DE,addr
2748158479,housenumber,13,addr
2748158619,source,BAG,regular
2748158619,city,Naaldwijk,addr
2748158619,street,Troelstrastraat,addr
2748158619,date,2014-10-30,source
2748158619,postcode,2672AG,addr
2748158619,housenumber,14,addr
2748158882,source,BAG,regular
2748158882,city,Naaldwijk,addr
2748158882,street,Oudlaan,addr
2748158882,date,2014-10-30,source
2748158882,postcode,2672AR,addr
2748158882,housenumber,153,addr
2748158969,source,BAG,regular
2748158969,city,Naaldwijk,addr
2748158969,street,Aalbersestraat,addr
2748158969,date,2014-10-30,source
2748158969,postcode,2672DR,addr
2748158969,housenumber,17,addr
2748159061,source,BAG,regular
2748159061,city,Naaldwijk,addr
2748159061,street,Talmastraat,addr
2748159061,date,2014-10-30,source
2748159061,postcode,2672DD,addr
2748159061,housenumber,18,addr
2748159345,source,BAG,regular
2748159345,city,Naaldwijk,addr
2748159345,street,Dreeslaan,addr
2748159345,date,2014-10-30,source
2748159345,postcode,2672DK,addr
2748159345,housenumber,195,addr
2748159416,source,BAG,regular
2748159416,city,Naaldwijk,addr
2748159416,street,Oudlaan,addr
2748159416,date,2014-10-30,source
2748159416,postcode,2672AN,addr
2748159416,housenumber,20,addr
2748159799,source,BAG,regular
2748159799,city,Naaldwijk,addr
2748159799,street,Dreeslaan,addr
2748159799,date,2014-10-30,source
2748159799,postcode,2672EJ,addr
2748159799,housenumber,212,addr
2748160269,source,BAG,regular
2748160269,city,Naaldwijk,addr
2748160269,street,Van Koppenweg,addr
2748160269,date,2014-10-30,source
2748160269,postcode,2672EH,addr
2748160269,housenumber,22A,addr
2748160753,source,BAG,regular
2748160753,city,Naaldwijk,addr
2748160753,street,Kuyperstraat,addr
2748160753,date,2014-10-30,source
2748160753,postcode,2672BC,addr
2748160753,housenumber,24,addr
2748161362,source,BAG,regular
2748161362,city,Naaldwijk,addr
2748161362,street,Calsstraat,addr
2748161362,date,2014-10-30,source
2748161362,postcode,2672DH,addr
2748161362,housenumber,26,addr
2748161832,source,BAG,regular
2748161832,city,Naaldwijk,addr
2748161832,street,Gerbrandystraat,addr
2748161832,date,2014-10-30,source
2748161832,postcode,2672BJ,addr
2748161832,housenumber,28,addr
2748162462,source,BAG,regular
2748162462,city,Naaldwijk,addr
2748162462,street,Ruys de Beerenbrouckstraat,addr
2748162462,date,2014-10-30,source
2748162462,postcode,2672DC,addr
2748162462,housenumber,3,addr
2748163133,source,BAG,regular
2748163133,city,Naaldwijk,addr
2748163133,street,Calsstraat,addr
2748163133,date,2014-10-30,source
2748163133,postcode,2672DH,addr
2748163133,housenumber,32,addr
2748163733,source,BAG,regular
2748163733,city,Naaldwijk,addr
2748163733,street,Dreeslaan,addr
2748163733,date,2014-10-30,source
2748163733,postcode,2672DM,addr
2748163733,housenumber,35,addr
2748164124,source,BAG,regular
2748164124,city,Naaldwijk,addr
2748164124,street,Oudlaan,addr
2748164124,date,2014-10-30,source
2748164124,postcode,2672AN,addr
2748164124,housenumber,38,addr
2748164318,source,BAG,regular
2748164318,city,Naaldwijk,addr
2748164318,street,Dreesplein,addr
2748164318,date,2014-10-30,source
2748164318,postcode,2672EA,addr
2748164318,housenumber,40,addr
2748164583,source,BAG,regular
2748164583,city,Naaldwijk,addr
2748164583,street,Nolensstraat,addr
2748164583,date,2014-10-30,source
2748164583,postcode,2672BH,addr
2748164583,housenumber,43,addr
2748164939,source,BAG,regular
2748164939,city,Naaldwijk,addr
2748164939,street,Kranenburglaan,addr
2748164939,date,2014-10-30,source
2748164939,postcode,2672EE,addr
2748164939,housenumber,48,addr
2748165196,source,BAG,regular
2748165196,city,Naaldwijk,addr
2748165196,street,Dijkweg,addr
2748165196,date,2014-10-30,source
2748165196,postcode,2671CZ,addr
2748165196,housenumber,50B,addr
2748165559,source,BAG,regular
2748165559,city,Naaldwijk,addr
2748165559,street,Thorbeckestraat,addr
2748165559,date,2014-10-30,source
2748165559,postcode,2672BE,addr
2748165559,housenumber,56,addr
2748165893,source,BAG,regular
2748165893,city,Naaldwijk,addr
2748165893,street,Beelstraat,addr
2748165893,date,2014-10-30,source
2748165893,postcode,2672AD,addr
2748165893,housenumber,60,addr
2748166328,source,BAG,regular
2748166328,city,Naaldwijk,addr
2748166328,street,Dreeslaan,addr
2748166328,date,2014-10-30,source
2748166328,postcode,2672DN,addr
2748166328,housenumber,68,addr
2748166812,source,BAG,regular
2748166812,city,Naaldwijk,addr
2748166812,street,Dreesplein,addr
2748166812,date,2014-10-30,source
2748166812,postcode,2672EA,addr
2748166812,housenumber,72,addr
2748167125,source,BAG,regular
2748167125,city,Naaldwijk,addr
2748167125,street,Klompéstraat,addr
2748167125,date,2014-10-30,source
2748167125,postcode,2672DG,addr
2748167125,housenumber,8,addr
2748167488,source,BAG,regular
2748167488,city,Naaldwijk,addr
2748167488,street,Lieftinckstraat,addr
2748167488,date,2014-10-30,source
2748167488,postcode,2672DT,addr
2748167488,housenumber,8B,addr
2748167848,source,BAG,regular
2748167848,city,Naaldwijk,addr
2748167848,street,Dreeslaan,addr
2748167848,date,2014-10-30,source
2748167848,postcode,2672DL,addr
2748167848,housenumber,97,addr
2748388235,source,BAG,regular
2748388235,city,Naaldwijk,addr
2748388235,street,Hastastraat,addr
2748388235,date,2014-10-30,source
2748388235,postcode,2672HD,addr
2748388235,housenumber,10,addr
2748388528,source,BAG,regular
2748388528,city,Naaldwijk,addr
2748388528,street,Druivenstraat,addr
2748388528,date,2014-10-30,source
2748388528,postcode,2671SL,addr
2748388528,housenumber,110,addr
2748388950,source,BAG,regular
2748388950,city,Naaldwijk,addr
2748388950,street,Meester Jan Tuningstraat,addr
2748388950,date,2014-10-30,source
2748388950,housenumber,12A,addr
2748389274,source,BAG,regular
2748389274,city,Naaldwijk,addr
2748389274,street,Serrestraat,addr
2748389274,date,2014-10-30,source
2748389274,postcode,2671RP,addr
2748389274,housenumber,14,addr
2748389740,source,BAG,regular
2748389740,city,Naaldwijk,addr
2748389740,street,Druivenstraat,addr
2748389740,date,2014-10-30,source
2748389740,postcode,2678NA,addr
2748389740,housenumber,155M,addr
2748390191,source,BAG,regular
2748390191,city,Naaldwijk,addr
2748390191,street,Marocstraat,addr
2748390191,date,2014-10-30,source
2748390191,postcode,2671SP,addr
2748390191,housenumber,18,addr
2748390733,source,BAG,regular
2748390733,city,Naaldwijk,addr
2748390733,street,Frankenthalerstraat,addr
2748390733,date,2014-10-30,source
2748390733,postcode,2671RG,addr
2748390733,housenumber,20,addr
2748391133,source,BAG,regular
2748391133,city,Naaldwijk,addr
2748391133,street,Serrestraat,addr
2748391133,date,2014-10-30,source
2748391133,postcode,2671RM,addr
2748391133,housenumber,23,addr
2748391467,source,BAG,regular
2748391467,city,Naaldwijk,addr
2748391467,street,Meloenstraat,addr
2748391467,date,2014-10-30,source
2748391467,postcode,2671LA,addr
2748391467,housenumber,28,addr
2748391830,source,BAG,regular
2748391830,city,Naaldwijk,addr
2748391830,street,Karel Wiersmastraat,addr
2748391830,date,2014-10-30,source
2748391830,postcode,2671RS,addr
2748391830,housenumber,3,addr
2748392417,source,BAG,regular
2748392417,city,Naaldwijk,addr
2748392417,street,Zuidweg,addr
2748392417,date,2014-10-30,source
2748392417,postcode,2671MN,addr
2748392417,housenumber,33,addr
2748392767,source,BAG,regular
2748392767,city,Naaldwijk,addr
2748392767,street,Frankenthalerstraat,addr
2748392767,date,2014-10-30,source
2748392767,postcode,2671RG,addr
2748392767,housenumber,4,addr
2748393092,source,BAG,regular
2748393092,city,Naaldwijk,addr
2748393092,street,Perzikenstraat,addr
2748393092,date,2014-10-30,source
2748393092,postcode,2671RA,addr
2748393092,housenumber,43,addr
2748393298,source,BAG,regular
2748393298,city,Naaldwijk,addr
2748393298,street,Perenstraat,addr
2748393298,date,2014-10-30,source
2748393298,postcode,2671KW,addr
2748393298,housenumber,5,addr
2748393638,source,BAG,regular
2748393638,city,Naaldwijk,addr
2748393638,street,F.V. Valstarplantsoen,addr
2748393638,date,2014-10-30,source
2748393638,postcode,2671RD,addr
2748393638,housenumber,6,addr
2748394005,source,BAG,regular
2748394005,city,Naaldwijk,addr
2748394005,street,Colmanstraat,addr
2748394005,date,2014-10-30,source
2748394005,postcode,2671SR,addr
2748394005,housenumber,7,addr
2748394251,source,BAG,regular
2748394251,city,Naaldwijk,addr
2748394251,street,Karel Wiersmastraat,addr
2748394251,date,2014-10-30,source
2748394251,postcode,2671RT,addr
2748394251,housenumber,8,addr
2748394552,source,BAG,regular
2748394552,city,Naaldwijk,addr
2748394552,street,Hastastraat,addr
2748394552,date,2014-10-30,source
2748394552,postcode,2672HC,addr
2748394552,housenumber,9,addr
2748481848,source,BAG,regular
2748481848,city,Naaldwijk,addr
2748481848,street,Hoge Noordweg,addr
2748481848,date,2014-10-30,source
2748481848,postcode,2671DZ,addr
2748481848,housenumber,19,addr
2748482063,source,BAG,regular
2748482063,city,Naaldwijk,addr
2748482063,street,Koningsveld,addr
2748482063,date,2014-10-30,source
2748482063,postcode,2671DN,addr
2748482063,housenumber,4,addr
2752801427,source,BAG,regular
2752801427,city,Naaldwijk,addr
2752801427,street,Sint Jorispad,addr
2752801427,date,2014-10-30,source
2752801427,postcode,2671MZ,addr
2752801427,housenumber,10,addr
2752801993,source,BAG,regular
2752801993,city,'s-Gravenzande,addr
2752801993,street,Galgeweg,addr
2752801993,date,2014-10-30,source
2752801993,postcode,2691MG,addr
2752801993,housenumber,24,addr
2752802519,source,BAG,regular
2752802519,city,'s-Gravenzande,addr
2752802519,street,Groeneweg,addr
2752802519,date,2014-10-30,source
2752802519,postcode,2691MR,addr
2752802519,housenumber,54,addr
2753569748,source,BAG,regular
2753569748,city,Maasdijk,addr
2753569748,street,Honderdland,addr
2753569748,date,2014-10-30,source
2753569748,postcode,2676LT,addr
2753569748,housenumber,101,addr
2753569799,source,BAG,regular
2753569799,city,Maasdijk,addr
2753569799,street,Honderdland,addr
2753569799,date,2014-10-30,source
2753569799,postcode,2676LT,addr
2753569799,housenumber,111D,addr
2753569865,source,BAG,regular
2753569865,city,Maasdijk,addr
2753569865,street,Honderdland,addr
2753569865,date,2014-10-30,source
2753569865,postcode,2676LT,addr
2753569865,housenumber,140,addr
2753570041,source,BAG,regular
2753570041,city,Maasdijk,addr
2753570041,street,Honderdland,addr
2753570041,date,2014-10-30,source
2753570041,postcode,2676LT,addr
2753570041,housenumber,192,addr
2753570191,source,BAG,regular
2753570191,city,Maasdijk,addr
2753570191,street,Honderdland,addr
2753570191,date,2014-10-30,source
2753570191,postcode,2676LV,addr
2753570191,housenumber,251,addr
2753570241,source,BAG,regular
2753570241,city,Maasdijk,addr
2753570241,street,Honderdland,addr
2753570241,date,2014-10-30,source
2753570241,postcode,2676LV,addr
2753570241,housenumber,380,addr
2753570291,source,BAG,regular
2753570291,city,Maasdijk,addr
2753570291,street,Oudedijk,addr
2753570291,date,2014-10-30,source
2753570291,postcode,2676NC,addr
2753570291,housenumber,6,addr
2753570341,source,BAG,regular
2753570341,city,Maasdijk,addr
2753570341,street,Maasdijk,addr
2753570341,date,2014-10-30,source
2753570341,postcode,2676AC,addr
2753570341,housenumber,95,addr
2754494336,source,BAG,regular
2754494336,city,Maasdijk,addr
2754494336,street,Johan Willem Frisostraat,addr
2754494336,date,2014-10-30,source
2754494336,postcode,2676XX,addr
2754494336,housenumber,1,addr
2754494541,source,BAG,regular
2754494541,city,Maasdijk,addr
2754494541,street,Korte Kruisweg,addr
2754494541,date,2014-10-30,source
2754494541,postcode,2676XM,addr
2754494541,housenumber,10,addr
2754494832,source,BAG,regular
2754494832,city,Maasdijk,addr
2754494832,street,Nassaustraat,addr
2754494832,date,2014-10-30,source
2754494832,postcode,2676AX,addr
2754494832,housenumber,11,addr
2754494935,source,BAG,regular
2754494935,city,Maasdijk,addr
2754494935,street,Prins Constantijnstraat,addr
2754494935,date,2014-10-30,source
2754494935,postcode,2676CB,addr
2754494935,housenumber,12,addr
2754495289,source,BAG,regular
2754495289,city,Maasdijk,addr
2754495289,street,Willem III straat,addr
2754495289,date,2014-10-30,source
2754495289,postcode,2676AM,addr
2754495289,housenumber,13,addr
2754495552,source,BAG,regular
2754495552,city,Maasdijk,addr
2754495552,street,Maasambacht,addr
2754495552,date,2014-10-30,source
2754495552,postcode,2676AW,addr
2754495552,housenumber,15,addr
2754495765,source,BAG,regular
2754495765,city,Maasdijk,addr
2754495765,street,Prins Florisstraat,addr
2754495765,date,2014-10-30,source
2754495765,postcode,2676CK,addr
2754495765,housenumber,17,addr
2754495904,source,BAG,regular
2754495904,city,Maasdijk,addr
2754495904,street,Prinses Wilhelminastraat,addr
2754495904,date,2014-10-30,source
2754495904,postcode,2676XT,addr
2754495904,housenumber,1A,addr
2754496111,source,BAG,regular
2754496111,city,Maasdijk,addr
2754496111,street,Prinsenlaan,addr
2754496111,date,2014-10-30,source
2754496111,postcode,2676VP,addr
2754496111,housenumber,20,addr
2754496272,source,BAG,regular
2754496272,city,Maasdijk,addr
2754496272,street,Kortenaerstraat,addr
2754496272,date,2014-10-30,source
2754496272,postcode,2676VG,addr
2754496272,housenumber,22A,addr
2754496517,source,BAG,regular
2754496517,city,Maasdijk,addr
2754496517,street,Prins Willem-Alexanderstraat,addr
2754496517,date,2014-10-30,source
2754496517,postcode,2676CD,addr
2754496517,housenumber,25,addr
2754496909,source,BAG,regular
2754496909,city,Maasdijk,addr
2754496909,street,van Beuningenstraat,addr
2754496909,date,2014-10-30,source
2754496909,postcode,2676CX,addr
2754496909,housenumber,28,addr
2754497084,source,BAG,regular
2754497084,city,Maasdijk,addr
2754497084,street,Waldeck Pyrmontstraat,addr
2754497084,date,2014-10-30,source
2754497084,postcode,2676AP,addr
2754497084,housenumber,3,addr
2754497189,source,BAG,regular
2754497189,city,Maasdijk,addr
2754497189,street,Waldeck Pyrmontstraat,addr
2754497189,date,2014-10-30,source
2754497189,postcode,2676AP,addr
2754497189,housenumber,33,addr
2754497306,source,BAG,regular
2754497306,city,Maasdijk,addr
2754497306,street,Oranjewerf,addr
2754497306,date,2014-10-30,source
2754497306,postcode,2676TB,addr
2754497306,housenumber,38,addr
2754497485,source,BAG,regular
2754497485,city,Maasdijk,addr
2754497485,street,De Ruyterstraat,addr
2754497485,date,2014-10-30,source
2754497485,postcode,2676XC,addr
2754497485,housenumber,40,addr
2754497667,source,BAG,regular
2754497667,city,Maasdijk,addr
2754497667,street,Kortenaerstraat,addr
2754497667,date,2014-10-30,source
2754497667,postcode,2676VD,addr
2754497667,housenumber,45,addr
2754497769,source,BAG,regular
2754497769,city,Maasdijk,addr
2754497769,street,Piet Heinstraat,addr
2754497769,date,2014-10-30,source
2754497769,postcode,2676VT,addr
2754497769,housenumber,5,addr
2754497854,source,BAG,regular
2754497854,city,Maasdijk,addr
2754497854,street,Oranjewerf,addr
2754497854,date,2014-10-30,source
2754497854,postcode,2676TD,addr
2754497854,housenumber,53,addr
2754498060,source,BAG,regular
2754498060,city,Maasdijk,addr
2754498060,street,Korte Kruisweg,addr
2754498060,date,2014-10-30,source
2754498060,postcode,2676XM,addr
2754498060,housenumber,6,addr
2754498313,source,BAG,regular
2754498313,city,Maasdijk,addr
2754498313,street,De Ruyterstraat,addr
2754498313,date,2014-10-30,source
2754498313,postcode,2676XA,addr
2754498313,housenumber,65,addr
2754498466,source,BAG,regular
2754498466,city,Maasdijk,addr
2754498466,street,Prinses Beatrixstraat,addr
2754498466,date,2014-10-30,source
2754498466,postcode,2676AS,addr
2754498466,housenumber,7,addr
2754498583,source,BAG,regular
2754498583,city,Maasdijk,addr
2754498583,street,Almondestraat,addr
2754498583,date,2014-10-30,source
2754498583,postcode,2676VM,addr
2754498583,housenumber,8,addr
2754498858,source,BAG,regular
2754498858,city,Maasdijk,addr
2754498858,street,De Ruyterstraat,addr
2754498858,date,2014-10-30,source
2754498858,postcode,2676XD,addr
2754498858,housenumber,86,addr
2754499232,source,BAG,regular
2754499232,city,Maasdijk,addr
2754499232,street,Maasdijk,addr
2754499232,date,2014-10-30,source
2754499232,postcode,2676AH,addr
2754499232,housenumber,94,addr
2754563339,source,BAG,regular
2754563339,city,Maasdijk,addr
2754563339,street,Tuindersweg,addr
2754563339,date,2014-10-30,source
2754563339,postcode,2676BH,addr
2754563339,housenumber,18,addr
2754563426,source,BAG,regular
2754563426,city,Maasdijk,addr
2754563426,street,De Vierde Hoeve,addr
2754563426,date,2014-10-30,source
2754563426,postcode,2676CN,addr
2754563426,housenumber,32,addr
2754563573,source,BAG,regular
2754563573,city,Maasdijk,addr
2754563573,street,Lange Kruisweg,addr
2754563573,date,2014-10-30,source
2754563573,postcode,2676BM,addr
2754563573,housenumber,44H,addr
2754563690,source,BAG,regular
2754563690,city,Maasdijk,addr
2754563690,street,Korte Kruisweg,addr
2754563690,date,2014-10-30,source
2754563690,postcode,2676BS,addr
2754563690,housenumber,66B,addr
2754617246,source,BAG,regular
2754617246,city,Maasdijk,addr
2754617246,street,Tuindersweg,addr
2754617246,date,2014-10-30,source
2754617246,postcode,2676BJ,addr
2754617246,housenumber,110,addr
2754617656,source,BAG,regular
2754617656,city,Maasdijk,addr
2754617656,street,Transportweg,addr
2754617656,date,2014-10-30,source
2754617656,postcode,2676LM,addr
2754617656,housenumber,17,addr
2754617884,source,BAG,regular
2754617884,city,Maasdijk,addr
2754617884,street,Transportweg,addr
2754617884,date,2014-10-30,source
2754617884,postcode,2676LL,addr
2754617884,housenumber,28,addr
2754618024,source,BAG,regular
2754618024,city,Maasdijk,addr
2754618024,street,Transportweg,addr
2754618024,date,2014-10-30,source
2754618024,postcode,2676LM,addr
2754618024,housenumber,45,addr
2754618174,source,BAG,regular
2754618174,city,Maasdijk,addr
2754618174,street,Lange Kruisweg,addr
2754618174,date,2014-10-30,source
2754618174,postcode,2676BP,addr
2754618174,housenumber,63,addr
2754618320,source,BAG,regular
2754618320,city,Maasdijk,addr
2754618320,street,Transportweg,addr
2754618320,date,2014-10-30,source
2754618320,postcode,2676LM,addr
2754618320,housenumber,9,addr
2768451639,source,BAG,regular
2768451639,city,Maassluis,addr
2768451639,street,Verfmolen,addr
2768451639,date,2014-10-30,source
2768451639,postcode,3146CX,addr
2768451639,housenumber,1,addr
2768451873,source,BAG,regular
2768451873,city,Maassluis,addr
2768451873,street,Grondzeiler,addr
2768451873,date,2014-10-30,source
2768451873,postcode,3146CB,addr
2768451873,housenumber,11,addr
2768451923,source,BAG,regular
2768451923,city,Maassluis,addr
2768451923,street,Verfmolen,addr
2768451923,date,2014-10-30,source
2768451923,postcode,3146CX,addr
2768451923,housenumber,12,addr
2768451974,source,BAG,regular
2768451974,city,Maassluis,addr
2768451974,street,Schepradmolen,addr
2768451974,date,2014-10-30,source
2768451974,postcode,3146CD,addr
2768451974,housenumber,14,addr
2768452024,source,BAG,regular
2768452024,city,Maassluis,addr
2768452024,street,Stellingmolen,addr
2768452024,date,2014-10-30,source
2768452024,postcode,3146CG,addr
2768452024,housenumber,16,addr
2768452074,source,BAG,regular
2768452074,city,Maassluis,addr
2768452074,street,Stellingmolen,addr
2768452074,date,2014-10-30,source
2768452074,postcode,3146CG,addr
2768452074,housenumber,19,addr
2768452124,source,BAG,regular
2768452124,city,Maassluis,addr
2768452124,street,Bergmolen,addr
2768452124,date,2014-10-30,source
2768452124,postcode,3146CN,addr
2768452124,housenumber,21,addr
2768452195,source,BAG,regular
2768452195,city,Maassluis,addr
2768452195,street,Kalandermolen,addr
2768452195,date,2014-10-30,source
2768452195,postcode,3146SL,addr
2768452195,housenumber,24,addr
2768452245,source,BAG,regular
2768452245,city,Maassluis,addr
2768452245,street,Watermolen,addr
2768452245,date,2014-10-30,source
2768452245,postcode,3146SR,addr
2768452245,housenumber,27,addr
2768452295,source,BAG,regular
2768452295,city,Maassluis,addr
2768452295,street,Watermolen,addr
2768452295,date,2014-10-30,source
2768452295,postcode,3146SR,addr
2768452295,housenumber,3,addr
2768452443,source,BAG,regular
2768452443,city,Maassluis,addr
2768452443,street,Getijmolen,addr
2768452443,date,2014-10-30,source
2768452443,postcode,3146CA,addr
2768452443,housenumber,36,addr
2768452511,source,BAG,regular
2768452511,city,Maassluis,addr
2768452511,street,Westeinde,addr
2768452511,date,2014-10-30,source
2768452511,postcode,3146BZ,addr
2768452511,housenumber,4,addr
2768452561,source,BAG,regular
2768452561,city,Maassluis,addr
2768452561,street,Trasmolen,addr
2768452561,date,2014-10-30,source
2768452561,postcode,3146TE,addr
2768452561,housenumber,47,addr
2768452702,source,BAG,regular
2768452702,city,Maassluis,addr
2768452702,street,Stellingmolen,addr
2768452702,date,2014-10-30,source
2768452702,postcode,3146CG,addr
2768452702,housenumber,50,addr
2768452983,source,BAG,regular
2768452983,city,Maassluis,addr
2768452983,street,Vijzelmolen,addr
2768452983,date,2014-10-30,source
2768452983,postcode,3146CH,addr
2768452983,housenumber,6,addr
2768453313,source,BAG,regular
2768453313,city,Maassluis,addr
2768453313,street,Getijmolen,addr
2768453313,date,2014-10-30,source
2768453313,postcode,3146CA,addr
2768453313,housenumber,7,addr
2768453461,source,BAG,regular
2768453461,city,Maassluis,addr
2768453461,street,Beukmolen,addr
2768453461,date,2014-10-30,source
2768453461,postcode,3146CE,addr
2768453461,housenumber,8,addr
2768453543,source,BAG,regular
2768453543,city,Maassluis,addr
2768453543,street,Trasmolen,addr
2768453543,date,2014-10-30,source
2768453543,postcode,3146TE,addr
2768453543,housenumber,9,addr
2768504982,source,BAG,regular
2768504982,city,Maassluis,addr
2768504982,street,Shawdreef,addr
2768504982,date,2014-10-30,source
2768504982,postcode,3146BP,addr
2768504982,housenumber,1,addr
2768505041,source,BAG,regular
2768505041,city,Maassluis,addr
2768505041,street,Doctor Jan Schoutenlaan,addr
2768505041,date,2014-10-30,source
2768505041,postcode,3145SZ,addr
2768505041,housenumber,108,addr
2768505091,source,BAG,regular
2768505091,city,Maassluis,addr
2768505091,street,Asserdreef,addr
2768505091,date,2014-10-30,source
2768505091,postcode,3146AD,addr
2768505091,housenumber,12,addr
2768505141,source,BAG,regular
2768505141,city,Maassluis,addr
2768505141,street,Maeterlinckdreef,addr
2768505141,date,2014-10-30,source
2768505141,postcode,3146BL,addr
2768505141,housenumber,13,addr
2768505213,source,BAG,regular
2768505213,city,Maassluis,addr
2768505213,street,Dunantdreef,addr
2768505213,date,2014-10-30,source
2768505213,postcode,3146VE,addr
2768505213,housenumber,140,addr
2768505274,source,BAG,regular
2768505274,city,Maassluis,addr
2768505274,street,Doctor Albert Schweitzerdreef,addr
2768505274,date,2014-10-30,source
2768505274,postcode,3146AA,addr
2768505274,housenumber,157,addr
2768505324,source,BAG,regular
2768505324,city,Maassluis,addr
2768505324,street,Einsteindreef,addr
2768505324,date,2014-10-30,source
2768505324,postcode,3146BD,addr
2768505324,housenumber,17,addr
2768505374,source,BAG,regular
2768505374,city,Maassluis,addr
2768505374,street,Doctor Jan Schoutenlaan,addr
2768505374,date,2014-10-30,source
2768505374,postcode,3145SZ,addr
2768505374,housenumber,186,addr
2768505433,source,BAG,regular
2768505433,city,Maassluis,addr
2768505433,street,Maeterlinckdreef,addr
2768505433,date,2014-10-30,source
2768505433,postcode,3146BL,addr
2768505433,housenumber,2,addr
2768505499,source,BAG,regular
2768505499,city,Maassluis,addr
2768505499,street,Zernikedreef,addr
2768505499,date,2014-10-30,source
2768505499,postcode,3146VL,addr
2768505499,housenumber,21,addr
2768505642,source,BAG,regular
2768505642,city,Maassluis,addr
2768505642,street,Doctor Jan Schoutenlaan,addr
2768505642,date,2014-10-30,source
2768505642,postcode,3145SZ,addr
2768505642,housenumber,230,addr
2768505893,source,BAG,regular
2768505893,city,Maassluis,addr
2768505893,street,Doctor Jan Schoutenlaan,addr
2768505893,date,2014-10-30,source
2768505893,postcode,3145SZ,addr
2768505893,housenumber,252,addr
2768506046,source,BAG,regular
2768506046,city,Maassluis,addr
2768506046,street,Lorentzdreef,addr
2768506046,date,2014-10-30,source
2768506046,postcode,3146BK,addr
2768506046,housenumber,28,addr
2768506097,source,BAG,regular
2768506097,city,Maassluis,addr
2768506097,street,Job van der Zeelaan,addr
2768506097,date,2014-10-30,source
2768506097,postcode,3145WL,addr
2768506097,housenumber,30,addr
2768506148,source,BAG,regular
2768506148,city,Maassluis,addr
2768506148,street,Asserdreef,addr
2768506148,date,2014-10-30,source
2768506148,postcode,3146AB,addr
2768506148,housenumber,33,addr
2768506397,source,BAG,regular
2768506397,city,Maassluis,addr
2768506397,street,Doctor Jan Schoutenlaan,addr
2768506397,date,2014-10-30,source
2768506397,postcode,3145SZ,addr
2768506397,housenumber,36,addr
2768506748,source,BAG,regular
2768506748,city,Maassluis,addr
2768506748,street,Einsteindreef,addr
2768506748,date,2014-10-30,source
2768506748,postcode,3146BD,addr
2768506748,housenumber,39,addr
2768506914,source,BAG,regular
2768506914,city,Maassluis,addr
2768506914,street,Zeemandreef,addr
2768506914,date,2014-10-30,source
2768506914,postcode,3146BW,addr
2768506914,housenumber,41,addr
2768506964,source,BAG,regular
2768506964,city,Maassluis,addr
2768506964,street,Zeemandreef,addr
2768506964,date,2014-10-30,source
2768506964,postcode,3146BT,addr
2768506964,housenumber,46,addr
2768507265,source,BAG,regular
2768507265,city,Maassluis,addr
2768507265,street,Röntgendreef,addr
2768507265,date,2014-10-30,source
2768507265,postcode,3146BN,addr
2768507265,housenumber,50,addr
2768507723,source,BAG,regular
2768507723,city,Maassluis,addr
2768507723,street,Röntgendreef,addr
2768507723,date,2014-10-30,source
2768507723,postcode,3146BN,addr
2768507723,housenumber,56,addr
2768507846,source,BAG,regular
2768507846,city,Maassluis,addr
2768507846,street,Einthovendreef,addr
2768507846,date,2014-10-30,source
2768507846,postcode,3146VK,addr
2768507846,housenumber,60,addr
2768507900,source,BAG,regular
2768507900,city,Maassluis,addr
2768507900,street,Dunantdreef,addr
2768507900,date,2014-10-30,source
2768507900,postcode,3146VD,addr
2768507900,housenumber,66,addr
2768507954,source,BAG,regular
2768507954,city,Maassluis,addr
2768507954,street,Steenen Dijck,addr
2768507954,date,2014-10-30,source
2768507954,postcode,3146BX,addr
2768507954,housenumber,70,addr
2768508026,source,BAG,regular
2768508026,city,Maassluis,addr
2768508026,street,Steenen Dijck,addr
2768508026,date,2014-10-30,source
2768508026,postcode,3146BX,addr
2768508026,housenumber,77,addr
2768508076,source,BAG,regular
2768508076,city,Maassluis,addr
2768508076,street,Zeemandreef,addr
2768508076,date,2014-10-30,source
2768508076,postcode,3146BT,addr
2768508076,housenumber,82,addr
2768508202,source,BAG,regular
2768508202,city,Maassluis,addr
2768508202,street,Steenen Dijck,addr
2768508202,date,2014-10-30,source
2768508202,postcode,3146BX,addr
2768508202,housenumber,9,addr
2769063735,source,BAG,regular
2769063735,city,Maassluis,addr
2769063735,street,Dennendal,addr
2769063735,date,2014-10-30,source
2769063735,postcode,3142AC,addr
2769063735,housenumber,10,addr
2769063785,source,BAG,regular
2769063785,city,Maassluis,addr
2769063785,street,Richard Hollaan,addr
2769063785,date,2014-10-30,source
2769063785,postcode,3144BS,addr
2769063785,housenumber,105,addr
2769063841,source,BAG,regular
2769063841,city,Maassluis,addr
2769063841,street,De Vloot,addr
2769063841,date,2014-10-30,source
2769063841,postcode,3144PE,addr
2769063841,housenumber,112,addr
2769063891,source,BAG,regular
2769063891,city,Maassluis,addr
2769063891,street,Esdoorn,addr
2769063891,date,2014-10-30,source
2769063891,postcode,3142KA,addr
2769063891,housenumber,12,addr
2769063944,source,BAG,regular
2769063944,city,Maassluis,addr
2769063944,street,Olmendal,addr
2769063944,date,2014-10-30,source
2769063944,postcode,3142AL,addr
2769063944,housenumber,126,addr
2769064117,source,BAG,regular
2769064117,city,Maassluis,addr
2769064117,street,Elzendal,addr
2769064117,date,2014-10-30,source
2769064117,postcode,3142AE,addr
2769064117,housenumber,132,addr
2769064252,source,BAG,regular
2769064252,city,Maassluis,addr
2769064252,street,Populierendal,addr
2769064252,date,2014-10-30,source
2769064252,postcode,3142AM,addr
2769064252,housenumber,14,addr
2769064302,source,BAG,regular
2769064302,city,Maassluis,addr
2769064302,street,Olmendal,addr
2769064302,date,2014-10-30,source
2769064302,postcode,3142AH,addr
2769064302,housenumber,15,addr
2769064352,source,BAG,regular
2769064352,city,Maassluis,addr
2769064352,street,De Vloot,addr
2769064352,date,2014-10-30,source
2769064352,postcode,3144PH,addr
2769064352,housenumber,161,addr
2769064419,source,BAG,regular
2769064419,city,Maassluis,addr
2769064419,street,Richard Hollaan,addr
2769064419,date,2014-10-30,source
2769064419,postcode,3144BS,addr
2769064419,housenumber,175,addr
2769064480,source,BAG,regular
2769064480,city,Maassluis,addr
2769064480,street,Peter van Anrooylaan,addr
2769064480,date,2014-10-30,source
2769064480,postcode,3144LG,addr
2769064480,housenumber,189,addr
2769064596,source,BAG,regular
2769064596,city,Maassluis,addr
2769064596,street,Henriëtte Bosmanslaan,addr
2769064596,date,2014-10-30,source
2769064596,postcode,3144LA,addr
2769064596,housenumber,2,addr
2769064691,source,BAG,regular
2769064691,city,Maassluis,addr
2769064691,street,De Vloot,addr
2769064691,date,2014-10-30,source
2769064691,postcode,3144PK,addr
2769064691,housenumber,206D,addr
2769064977,source,BAG,regular
2769064977,city,Maassluis,addr
2769064977,street,Wegedoorn,addr
2769064977,date,2014-10-30,source
2769064977,postcode,3142KC,addr
2769064977,housenumber,22,addr
2769065263,source,BAG,regular
2769065263,city,Maassluis,addr
2769065263,street,Esdoorn,addr
2769065263,date,2014-10-30,source
2769065263,postcode,3142KA,addr
2769065263,housenumber,24,addr
2769065531,source,BAG,regular
2769065531,city,Maassluis,addr
2769065531,street,Esdoorn,addr
2769065531,date,2014-10-30,source
2769065531,postcode,3142KA,addr
2769065531,housenumber,26,addr
2769065811,source,BAG,regular
2769065811,city,Maassluis,addr
2769065811,street,Henriëtte Bosmanslaan,addr
2769065811,date,2014-10-30,source
2769065811,postcode,3144LA,addr
2769065811,housenumber,28,addr
2769066060,source,BAG,regular
2769066060,city,Maassluis,addr
2769066060,street,Narcisstraat,addr
2769066060,date,2014-10-30,source
2769066060,postcode,3142PC,addr
2769066060,housenumber,3,addr
2769066328,source,BAG,regular
2769066328,city,Maassluis,addr
2769066328,street,Kastanjedal,addr
2769066328,date,2014-10-30,source
2769066328,postcode,3142AP,addr
2769066328,housenumber,32,addr
2769066441,source,BAG,regular
2769066441,city,Maassluis,addr
2769066441,street,Dennendal,addr
2769066441,date,2014-10-30,source
2769066441,postcode,3142LA,addr
2769066441,housenumber,35,addr
2769066491,source,BAG,regular
2769066491,city,Maassluis,addr
2769066491,street,Elzendal,addr
2769066491,date,2014-10-30,source
2769066491,postcode,3142LD,addr
2769066491,housenumber,38,addr
2769066541,source,BAG,regular
2769066541,city,Maassluis,addr
2769066541,street,De Vloot,addr
2769066541,date,2014-10-30,source
2769066541,postcode,3144PB,addr
2769066541,housenumber,40,addr
2769066591,source,BAG,regular
2769066591,city,Maassluis,addr
2769066591,street,Olmendal,addr
2769066591,date,2014-10-30,source
2769066591,postcode,3142AH,addr
2769066591,housenumber,43,addr
2769066648,source,BAG,regular
2769066648,city,Maassluis,addr
2769066648,street,Weverskade,addr
2769066648,date,2014-10-30,source
2769066648,postcode,3142PA,addr
2769066648,housenumber,46,addr
2769066918,source,BAG,regular
2769066918,city,Maassluis,addr
2769066918,street,Berkendal,addr
2769066918,date,2014-10-30,source
2769066918,postcode,3142AA,addr
2769066918,housenumber,5,addr
2769067049,source,BAG,regular
2769067049,city,Maassluis,addr
2769067049,street,Elzendal,addr
2769067049,date,2014-10-30,source
2769067049,postcode,3142LE,addr
2769067049,housenumber,52,addr
2769067099,source,BAG,regular
2769067099,city,Maassluis,addr
2769067099,street,Sparrendal,addr
2769067099,date,2014-10-30,source
2769067099,postcode,3142LR,addr
2769067099,housenumber,554,addr
2769067149,source,BAG,regular
2769067149,city,Maassluis,addr
2769067149,street,De Vloot,addr
2769067149,date,2014-10-30,source
2769067149,postcode,3144PB,addr
2769067149,housenumber,58B,addr
2769067199,source,BAG,regular
2769067199,city,Maassluis,addr
2769067199,street,De Vloot,addr
2769067199,date,2014-10-30,source
2769067199,postcode,3144PC,addr
2769067199,housenumber,60A,addr
2769067263,source,BAG,regular
2769067263,city,Maassluis,addr
2769067263,street,Olmendal,addr
2769067263,date,2014-10-30,source
2769067263,postcode,3142AH,addr
2769067263,housenumber,63,addr
2769067332,source,BAG,regular
2769067332,city,Maassluis,addr
2769067332,street,Elzendal,addr
2769067332,date,2014-10-30,source
2769067332,postcode,3142AD,addr
2769067332,housenumber,65,addr
2769067383,source,BAG,regular
2769067383,city,Maassluis,addr
2769067383,street,De Vloot,addr
2769067383,date,2014-10-30,source
2769067383,postcode,3144PC,addr
2769067383,housenumber,69B-2,addr
2769067435,source,BAG,regular
2769067435,city,Maassluis,addr
2769067435,street,Olmendal,addr
2769067435,date,2014-10-30,source
2769067435,postcode,3142AH,addr
2769067435,housenumber,7,addr
2769067489,source,BAG,regular
2769067489,city,Maassluis,addr
2769067489,street,De Vloot,addr
2769067489,date,2014-10-30,source
2769067489,postcode,3144PD,addr
2769067489,housenumber,76,addr
2769067551,source,BAG,regular
2769067551,city,Maassluis,addr
2769067551,street,Dennendal,addr
2769067551,date,2014-10-30,source
2769067551,postcode,3142AC,addr
2769067551,housenumber,80,addr
2769067619,source,BAG,regular
2769067619,city,Maassluis,addr
2769067619,street,Dennendal,addr
2769067619,date,2014-10-30,source
2769067619,postcode,3142AC,addr
2769067619,housenumber,86,addr
2769067739,source,BAG,regular
2769067739,city,Maassluis,addr
2769067739,street,Elzendal,addr
2769067739,date,2014-10-30,source
2769067739,postcode,3142AE,addr
2769067739,housenumber,90,addr
2769067790,source,BAG,regular
2769067790,city,Maassluis,addr
2769067790,street,De Vloot,addr
2769067790,date,2014-10-30,source
2769067790,postcode,3144PD,addr
2769067790,housenumber,96,addr
2770446370,source,BAG,regular
2770446370,city,Maassluis,addr
2770446370,street,Job van der Zeelaan,addr
2770446370,date,2014-10-30,source
2770446370,postcode,3145WL,addr
2770446370,housenumber,1,addr
2770446644,source,BAG,regular
2770446644,city,Maassluis,addr
2770446644,street,Merellaan,addr
2770446644,date,2014-10-30,source
2770446644,postcode,3145GK,addr
2770446644,housenumber,1065,addr
2770446916,source,BAG,regular
2770446916,city,Maassluis,addr
2770446916,street,Merellaan,addr
2770446916,date,2014-10-30,source
2770446916,postcode,3145GL,addr
2770446916,housenumber,1153,addr
2770447017,source,BAG,regular
2770447017,city,Maassluis,addr
2770447017,street,Merellaan,addr
2770447017,date,2014-10-30,source
2770447017,postcode,3145GL,addr
2770447017,housenumber,1223,addr
2770447183,source,BAG,regular
2770447183,city,Maassluis,addr
2770447183,street,Merellaan,addr
2770447183,date,2014-10-30,source
2770447183,postcode,3145GM,addr
2770447183,housenumber,1301,addr
2770447272,source,BAG,regular
2770447272,city,Maassluis,addr
2770447272,street,Doctor Jan Schoutenlaan,addr
2770447272,date,2014-10-30,source
2770447272,postcode,3145SX,addr
2770447272,housenumber,139,addr
2770447386,source,BAG,regular
2770447386,city,Maassluis,addr
2770447386,street,Nicolaas van 't Wouthof,addr
2770447386,date,2014-10-30,source
2770447386,postcode,3145WK,addr
2770447386,housenumber,16,addr
2770447558,source,BAG,regular
2770447558,city,Maassluis,addr
2770447558,street,Burgemeester Zaneveldstraat,addr
2770447558,date,2014-10-30,source
2770447558,postcode,3145RK,addr
2770447558,housenumber,186,addr
2770447712,source,BAG,regular
2770447712,city,Maassluis,addr
2770447712,street,Burgemeester Van der Endt Swanenburgplantsoen,addr
2770447712,date,2014-10-30,source
2770447712,postcode,3145MC,addr
2770447712,housenumber,21,addr
2770447897,source,BAG,regular
2770447897,city,Maassluis,addr
2770447897,street,Nicolaas van 't Wouthof,addr
2770447897,date,2014-10-30,source
2770447897,postcode,3145WK,addr
2770447897,housenumber,24,addr
2770448083,source,BAG,regular
2770448083,city,Maassluis,addr
2770448083,street,Doctor Jan Schoutenlaan,addr
2770448083,date,2014-10-30,source
2770448083,postcode,3145SZ,addr
2770448083,housenumber,274,addr
2770448270,source,BAG,regular
2770448270,city,Maassluis,addr
2770448270,street,Petrus de Pagterlaan,addr
2770448270,date,2014-10-30,source
2770448270,postcode,3145PA,addr
2770448270,housenumber,3,addr
2770448475,source,BAG,regular
2770448475,city,Maassluis,addr
2770448475,street,Burgemeester Zaneveldstraat,addr
2770448475,date,2014-10-30,source
2770448475,postcode,3145RG,addr
2770448475,housenumber,34,addr
2770448741,source,BAG,regular
2770448741,city,Maassluis,addr
2770448741,street,Willem Weltevredenlaan,addr
2770448741,date,2014-10-30,source
2770448741,postcode,3145WJ,addr
2770448741,housenumber,38,addr
2770449121,source,BAG,regular
2770449121,city,Maassluis,addr
2770449121,street,Burgemeester Zaneveldstraat,addr
2770449121,date,2014-10-30,source
2770449121,postcode,3145RG,addr
2770449121,housenumber,42,addr
2770449464,source,BAG,regular
2770449464,city,Maassluis,addr
2770449464,street,Cornelis Boosterstraat,addr
2770449464,date,2014-10-30,source
2770449464,postcode,3145PB,addr
2770449464,housenumber,47,addr
2770449757,source,BAG,regular
2770449757,city,Maassluis,addr
2770449757,street,Burgemeestersplantsoen,addr
2770449757,date,2014-10-30,source
2770449757,postcode,3145MH,addr
2770449757,housenumber,53,addr
2770449904,source,BAG,regular
2770449904,city,Maassluis,addr
2770449904,street,Nicolaas van 't Wouthof,addr
2770449904,date,2014-10-30,source
2770449904,postcode,3145WK,addr
2770449904,housenumber,7,addr
2770450260,source,BAG,regular
2770450260,city,Maassluis,addr
2770450260,street,Merellaan,addr
2770450260,date,2014-10-30,source
2770450260,postcode,3145GK,addr
2770450260,housenumber,965,addr
2770512246,source,BAG,regular
2770512246,city,Maassluis,addr
2770512246,street,Schollevaarstraat,addr
2770512246,date,2014-10-30,source
2770512246,postcode,3145LC,addr
2770512246,housenumber,1,addr
2770512628,source,BAG,regular
2770512628,city,Maassluis,addr
2770512628,street,Buizerdstraat,addr
2770512628,date,2014-10-30,source
2770512628,postcode,3145AC,addr
2770512628,housenumber,103,addr
2770513180,source,BAG,regular
2770513180,city,Maassluis,addr
2770513180,street,Nachtegaallaan,addr
2770513180,date,2014-10-30,source
2770513180,postcode,3145CH,addr
2770513180,housenumber,11,addr
2770513451,source,BAG,regular
2770513451,city,Maassluis,addr
2770513451,street,Lijsterlaan,addr
2770513451,date,2014-10-30,source
2770513451,postcode,3145VM,addr
2770513451,housenumber,118,addr
2770513790,source,BAG,regular
2770513790,city,Maassluis,addr
2770513790,street,Nachtegaallaan,addr
2770513790,date,2014-10-30,source
2770513790,postcode,3145CJ,addr
2770513790,housenumber,123,addr
2770514065,source,BAG,regular
2770514065,city,Maassluis,addr
2770514065,street,Buizerdstraat,addr
2770514065,date,2014-10-30,source
2770514065,postcode,3145AD,addr
2770514065,housenumber,130,addr
2770514373,source,BAG,regular
2770514373,city,Maassluis,addr
2770514373,street,Nachtegaallaan,addr
2770514373,date,2014-10-30,source
2770514373,postcode,3145CK,addr
2770514373,housenumber,14,addr
2770514632,source,BAG,regular
2770514632,city,Maassluis,addr
2770514632,street,Fazantstraat,addr
2770514632,date,2014-10-30,source
2770514632,postcode,3145CA,addr
2770514632,housenumber,15,addr
2770515037,source,BAG,regular
2770515037,city,Maassluis,addr
2770515037,street,Lepelaarplantsoen,addr
2770515037,date,2014-10-30,source
2770515037,postcode,3145XD,addr
2770515037,housenumber,157,addr
2770515524,source,BAG,regular
2770515524,city,Maassluis,addr
2770515524,street,Lepelaarplantsoen,addr
2770515524,date,2014-10-30,source
2770515524,postcode,3145XD,addr
2770515524,housenumber,165,addr
2770516107,source,BAG,regular
2770516107,city,Maassluis,addr
2770516107,street,Merellaan,addr
2770516107,date,2014-10-30,source
2770516107,postcode,3145EG,addr
2770516107,housenumber,177,addr
2770516598,source,BAG,regular
2770516598,city,Maassluis,addr
2770516598,street,Lepelaarplantsoen,addr
2770516598,date,2014-10-30,source
2770516598,postcode,3145XC,addr
2770516598,housenumber,18C,addr
2770517314,source,BAG,regular
2770517314,city,Maassluis,addr
2770517314,street,Korhoenstraat,addr
2770517314,date,2014-10-30,source
2770517314,postcode,3145CE,addr
2770517314,housenumber,1A,addr
2770517969,source,BAG,regular
2770517969,city,Maassluis,addr
2770517969,street,Uiverlaan,addr
2770517969,date,2014-10-30,source
2770517969,postcode,3145XN,addr
2770517969,housenumber,20,addr
2770518655,source,BAG,regular
2770518655,city,Maassluis,addr
2770518655,street,Merellaan,addr
2770518655,date,2014-10-30,source
2770518655,postcode,3145EH,addr
2770518655,housenumber,217,addr
2770519123,source,BAG,regular
2770519123,city,Maassluis,addr
2770519123,street,Merellaan,addr
2770519123,date,2014-10-30,source
2770519123,postcode,3145EA,addr
2770519123,housenumber,23,addr
2770519707,source,BAG,regular
2770519707,city,Maassluis,addr
2770519707,street,Merellaan,addr
2770519707,date,2014-10-30,source
2770519707,postcode,3145EJ,addr
2770519707,housenumber,243,addr
2770520446,source,BAG,regular
2770520446,city,Maassluis,addr
2770520446,street,Kwartellaan,addr
2770520446,date,2014-10-30,source
2770520446,postcode,3145AL,addr
2770520446,housenumber,26,addr
2770521404,source,BAG,regular
2770521404,city,Maassluis,addr
2770521404,street,Merellaan,addr
2770521404,date,2014-10-30,source
2770521404,postcode,3145EK,addr
2770521404,housenumber,277,addr
2770522015,source,BAG,regular
2770522015,city,Maassluis,addr
2770522015,street,Merellaan,addr
2770522015,date,2014-10-30,source
2770522015,postcode,3145EK,addr
2770522015,housenumber,293,addr
2770522718,source,BAG,regular
2770522718,city,Maassluis,addr
2770522718,street,Merellaan,addr
2770522718,date,2014-10-30,source
2770522718,postcode,3145EK,addr
2770522718,housenumber,305,addr
2770522995,source,BAG,regular
2770522995,city,Maassluis,addr
2770522995,street,Koolmeesstraat,addr
2770522995,date,2014-10-30,source
2770522995,postcode,3145NB,addr
2770522995,housenumber,33,addr
2770523336,source,BAG,regular
2770523336,city,Maassluis,addr
2770523336,street,Spechtstraat,addr
2770523336,date,2014-10-30,source
2770523336,postcode,3145XJ,addr
2770523336,housenumber,35,addr
2770523566,source,BAG,regular
2770523566,city,Maassluis,addr
2770523566,street,Buizerdstraat,addr
2770523566,date,2014-10-30,source
2770523566,postcode,3145AD,addr
2770523566,housenumber,38,addr
2770523966,source,BAG,regular
2770523966,city,Maassluis,addr
2770523966,street,Leeuwerikstraat,addr
2770523966,date,2014-10-30,source
2770523966,postcode,3145CG,addr
2770523966,housenumber,4,addr
2770524277,source,BAG,regular
2770524277,city,Maassluis,addr
2770524277,street,Merellaan,addr
2770524277,date,2014-10-30,source
2770524277,postcode,3145EN,addr
2770524277,housenumber,411,addr
2770524616,source,BAG,regular
2770524616,city,Maassluis,addr
2770524616,street,Lijsterlaan,addr
2770524616,date,2014-10-30,source
2770524616,postcode,3145VJ,addr
2770524616,housenumber,44,addr
2770524967,source,BAG,regular
2770524967,city,Maassluis,addr
2770524967,street,Merellaan,addr
2770524967,date,2014-10-30,source
2770524967,postcode,3145ER,addr
2770524967,housenumber,469,addr
2770525280,source,BAG,regular
2770525280,city,Maassluis,addr
2770525280,street,Merellaan,addr
2770525280,date,2014-10-30,source
2770525280,postcode,3145ES,addr
2770525280,housenumber,497,addr
2770525584,source,BAG,regular
2770525584,city,Maassluis,addr
2770525584,street,Lepelaarplantsoen,addr
2770525584,date,2014-10-30,source
2770525584,postcode,3145XC,addr
2770525584,housenumber,51,addr
2770525996,source,BAG,regular
2770525996,city,Maassluis,addr
2770525996,street,Nachtegaallaan,addr
2770525996,date,2014-10-30,source
2770525996,postcode,3145CL,addr
2770525996,housenumber,54,addr
2770526233,source,BAG,regular
2770526233,city,Maassluis,addr
2770526233,street,Merellaan,addr
2770526233,date,2014-10-30,source
2770526233,postcode,3145EV,addr
2770526233,housenumber,571,addr
2770526615,source,BAG,regular
2770526615,city,Maassluis,addr
2770526615,street,Patrijsstraat,addr
2770526615,date,2014-10-30,source
2770526615,postcode,3145CM,addr
2770526615,housenumber,6,addr
2770526872,source,BAG,regular
2770526872,city,Maassluis,addr
2770526872,street,Merellaan,addr
2770526872,date,2014-10-30,source
2770526872,postcode,3145GA,addr
2770526872,housenumber,625,addr
2770527243,source,BAG,regular
2770527243,city,Maassluis,addr
2770527243,street,Merellaan,addr
2770527243,date,2014-10-30,source
2770527243,postcode,3145EB,addr
2770527243,housenumber,67,addr
2770527372,source,BAG,regular
2770527372,city,Maassluis,addr
2770527372,street,Buizerdstraat,addr
2770527372,date,2014-10-30,source
2770527372,postcode,3145AD,addr
2770527372,housenumber,70,addr
2770527486,source,BAG,regular
2770527486,city,Maassluis,addr
2770527486,street,Merellaan,addr
2770527486,date,2014-10-30,source
2770527486,postcode,3145GD,addr
2770527486,housenumber,745,addr
2770527612,source,BAG,regular
2770527612,city,Maassluis,addr
2770527612,street,Merellaan,addr
2770527612,date,2014-10-30,source
2770527612,postcode,3145GE,addr
2770527612,housenumber,793,addr
2770527720,source,BAG,regular
2770527720,city,Maassluis,addr
2770527720,street,Buizerdstraat,addr
2770527720,date,2014-10-30,source
2770527720,postcode,3145AD,addr
2770527720,housenumber,82,addr
2770527822,source,BAG,regular
2770527822,city,Maassluis,addr
2770527822,street,Buizerdstraat,addr
2770527822,date,2014-10-30,source
2770527822,postcode,3145AC,addr
2770527822,housenumber,87,addr
2770527928,source,BAG,regular
2770527928,city,Maassluis,addr
2770527928,street,Wielewaalstraat,addr
2770527928,date,2014-10-30,source
2770527928,postcode,3145NE,addr
2770527928,housenumber,9,addr
2770528023,source,BAG,regular
2770528023,city,Maassluis,addr
2770528023,street,Nachtegaallaan,addr
2770528023,date,2014-10-30,source
2770528023,postcode,3145CJ,addr
2770528023,housenumber,95,addr
2770626518,source,BAG,regular
2770626518,city,Maassluis,addr
2770626518,street,Furie,addr
2770626518,date,2014-10-30,source
2770626518,postcode,3144DS,addr
2770626518,housenumber,1,addr
2770626759,source,BAG,regular
2770626759,city,Maassluis,addr
2770626759,street,Hendrik Schoonbroodstraat,addr
2770626759,date,2014-10-30,source
2770626759,postcode,3144RD,addr
2770626759,housenumber,10,addr
2770627163,source,BAG,regular
2770627163,city,Maassluis,addr
2770627163,street,Santplaet,addr
2770627163,date,2014-10-30,source
2770627163,postcode,3144DT,addr
2770627163,housenumber,104,addr
2770627459,source,BAG,regular
2770627459,city,Maassluis,addr
2770627459,street,Berliozstraat,addr
2770627459,date,2014-10-30,source
2770627459,postcode,3144KA,addr
2770627459,housenumber,11,addr
2770627882,source,BAG,regular
2770627882,city,Maassluis,addr
2770627882,street,Schubertlaan,addr
2770627882,date,2014-10-30,source
2770627882,postcode,3144BJ,addr
2770627882,housenumber,111,addr
2770628084,source,BAG,regular
2770628084,city,Maassluis,addr
2770628084,street,A.E. Maasstraat,addr
2770628084,date,2014-10-30,source
2770628084,postcode,3144CA,addr
2770628084,housenumber,12,addr
2770628428,source,BAG,regular
2770628428,city,Maassluis,addr
2770628428,street,Drijver,addr
2770628428,date,2014-10-30,source
2770628428,postcode,3144GD,addr
2770628428,housenumber,123,addr
2770628605,source,BAG,regular
2770628605,city,Maassluis,addr
2770628605,street,Jan Boudesteinstraat,addr
2770628605,date,2014-10-30,source
2770628605,postcode,3144RA,addr
2770628605,housenumber,13,addr
2770628923,source,BAG,regular
2770628923,city,Maassluis,addr
2770628923,street,Cornelis van der Kolffstraat,addr
2770628923,date,2014-10-30,source
2770628923,postcode,3144RB,addr
2770628923,housenumber,139,addr
2770629076,source,BAG,regular
2770629076,city,Maassluis,addr
2770629076,street,Buis,addr
2770629076,date,2014-10-30,source
2770629076,postcode,3144GC,addr
2770629076,housenumber,143,addr
2770629352,source,BAG,regular
2770629352,city,Maassluis,addr
2770629352,street,Lauwerzee,addr
2770629352,date,2014-10-30,source
2770629352,postcode,3144DC,addr
2770629352,housenumber,15,addr
2770629618,source,BAG,regular
2770629618,city,Maassluis,addr
2770629618,street,Berliozstraat,addr
2770629618,date,2014-10-30,source
2770629618,postcode,3144KB,addr
2770629618,housenumber,16,addr
2770629817,source,BAG,regular
2770629817,city,Maassluis,addr
2770629817,street,Cornelis van der Kolffstraat,addr
2770629817,date,2014-10-30,source
2770629817,postcode,3144RB,addr
2770629817,housenumber,169,addr
2770629970,source,BAG,regular
2770629970,city,Maassluis,addr
2770629970,street,Mozartlaan,addr
2770629970,date,2014-10-30,source
2770629970,postcode,3144NE,addr
2770629970,housenumber,178,addr
2770630186,source,BAG,regular
2770630186,city,Maassluis,addr
2770630186,street,Boeier,addr
2770630186,date,2014-10-30,source
2770630186,postcode,3144GA,addr
2770630186,housenumber,19,addr
2770630344,source,BAG,regular
2770630344,city,Maassluis,addr
2770630344,street,Scheldeweg,addr
2770630344,date,2014-10-30,source
2770630344,postcode,3144ES,addr
2770630344,housenumber,1A,addr
2770630571,source,BAG,regular
2770630571,city,Maassluis,addr
2770630571,street,Heldringstraat,addr
2770630571,date,2014-10-30,source
2770630571,postcode,3144CG,addr
2770630571,housenumber,2-ZW,addr
2770630741,source,BAG,regular
2770630741,city,Maassluis,addr
2770630741,street,Schubertlaan,addr
2770630741,date,2014-10-30,source
2770630741,postcode,3144BJ,addr
2770630741,housenumber,209,addr
2770631060,source,BAG,regular
2770631060,city,Maassluis,addr
2770631060,street,Schubertlaan,addr
2770631060,date,2014-10-30,source
2770631060,postcode,3144BJ,addr
2770631060,housenumber,217,addr
2770631228,source,BAG,regular
2770631228,city,Maassluis,addr
2770631228,street,A.E. Maasstraat,addr
2770631228,date,2014-10-30,source
2770631228,postcode,3144CA,addr
2770631228,housenumber,23,addr
2770631507,source,BAG,regular
2770631507,city,Maassluis,addr
2770631507,street,Chopinstraat,addr
2770631507,date,2014-10-30,source
2770631507,postcode,3144KC,addr
2770631507,housenumber,24,addr
2770631672,source,BAG,regular
2770631672,city,Maassluis,addr
2770631672,street,Lisztstraat,addr
2770631672,date,2014-10-30,source
2770631672,postcode,3144KL,addr
2770631672,housenumber,25,addr
2770631934,source,BAG,regular
2770631934,city,Maassluis,addr
2770631934,street,Govert van Wijnkade,addr
2770631934,date,2014-10-30,source
2770631934,postcode,3144EE,addr
2770631934,housenumber,26B,addr
2770632289,source,BAG,regular
2770632289,city,Maassluis,addr
2770632289,street,Vuurbaak,addr
2770632289,date,2014-10-30,source
2770632289,postcode,3144DP,addr
2770632289,housenumber,28,addr
2770632632,source,BAG,regular
2770632632,city,Maassluis,addr
2770632632,street,Elektraweg,addr
2770632632,date,2014-10-30,source
2770632632,postcode,3144CB,addr
2770632632,housenumber,2A,addr
2770632930,source,BAG,regular
2770632930,city,Maassluis,addr
2770632930,street,Haydnlaan,addr
2770632930,date,2014-10-30,source
2770632930,postcode,3144KM,addr
2770632930,housenumber,3,addr
2770633199,source,BAG,regular
2770633199,city,Maassluis,addr
2770633199,street,Keucheniusstraat,addr
2770633199,date,2014-10-30,source
2770633199,postcode,3144EP,addr
2770633199,housenumber,30-ZW,addr
2770633357,source,BAG,regular
2770633357,city,Maassluis,addr
2770633357,street,Schubertlaan,addr
2770633357,date,2014-10-30,source
2770633357,postcode,3144BJ,addr
2770633357,housenumber,310,addr
2770633622,source,BAG,regular
2770633622,city,Maassluis,addr
2770633622,street,Schubertlaan,addr
2770633622,date,2014-10-30,source
2770633622,postcode,3144BJ,addr
2770633622,housenumber,323,addr
2770633791,source,BAG,regular
2770633791,city,Maassluis,addr
2770633791,street,Jacob van Heemskercklaan,addr
2770633791,date,2014-10-30,source
2770633791,postcode,3144DK,addr
2770633791,housenumber,34,addr
2770634022,source,BAG,regular
2770634022,city,Maassluis,addr
2770634022,street,Mackayplein,addr
2770634022,date,2014-10-30,source
2770634022,postcode,3144CK,addr
2770634022,housenumber,36,addr
2770634180,source,BAG,regular
2770634180,city,Maassluis,addr
2770634180,street,Mackayplein,addr
2770634180,date,2014-10-30,source
2770634180,postcode,3144CK,addr
2770634180,housenumber,38,addr
2770634421,source,BAG,regular
2770634421,city,Maassluis,addr
2770634421,street,De Schans,addr
2770634421,date,2014-10-30,source
2770634421,postcode,3144ET,addr
2770634421,housenumber,4,addr
2770634590,source,BAG,regular
2770634590,city,Maassluis,addr
2770634590,street,Van Beethovenlaan,addr
2770634590,date,2014-10-30,source
2770634590,postcode,3144AK,addr
2770634590,housenumber,403,addr
2770634858,source,BAG,regular
2770634858,city,Maassluis,addr
2770634858,street,Lichtboei,addr
2770634858,date,2014-10-30,source
2770634858,postcode,3144DM,addr
2770634858,housenumber,42,addr
2770635086,source,BAG,regular
2770635086,city,Maassluis,addr
2770635086,street,Van Beethovenlaan,addr
2770635086,date,2014-10-30,source
2770635086,postcode,3144AL,addr
2770635086,housenumber,441,addr
2770635358,source,BAG,regular
2770635358,city,Maassluis,addr
2770635358,street,Uiverlaan,addr
2770635358,date,2014-10-30,source
2770635358,postcode,3145XN,addr
2770635358,housenumber,47,addr
2770635753,source,BAG,regular
2770635753,city,Maassluis,addr
2770635753,street,Noordzee,addr
2770635753,date,2014-10-30,source
2770635753,postcode,3144DB,addr
2770635753,housenumber,4B,addr
2770636110,source,BAG,regular
2770636110,city,Maassluis,addr
2770636110,street,Thames,addr
2770636110,date,2014-10-30,source
2770636110,postcode,3144DG,addr
2770636110,housenumber,5,addr
2770636390,source,BAG,regular
2770636390,city,Maassluis,addr
2770636390,street,Schubertlaan,addr
2770636390,date,2014-10-30,source
2770636390,postcode,3144BK,addr
2770636390,housenumber,513,addr
2770636930,source,BAG,regular
2770636930,city,Maassluis,addr
2770636930,street,Keucheniusstraat,addr
2770636930,date,2014-10-30,source
2770636930,postcode,3144EP,addr
2770636930,housenumber,54,addr
2770637149,source,BAG,regular
2770637149,city,Maassluis,addr
2770637149,street,Maasweg,addr
2770637149,date,2014-10-30,source
2770637149,housenumber,57,addr
2770637382,source,BAG,regular
2770637382,city,Maassluis,addr
2770637382,street,Heldringstraat,addr
2770637382,date,2014-10-30,source
2770637382,postcode,3144CG,addr
2770637382,housenumber,6,addr
2770637555,source,BAG,regular
2770637555,city,Maassluis,addr
2770637555,street,Van Beethovenlaan,addr
2770637555,date,2014-10-30,source
2770637555,postcode,3144AP,addr
2770637555,housenumber,609,addr
2770637942,source,BAG,regular
2770637942,city,Maassluis,addr
2770637942,street,Van Beethovenlaan,addr
2770637942,date,2014-10-30,source
2770637942,postcode,3144AP,addr
2770637942,housenumber,625,addr
2770638106,source,BAG,regular
2770638106,city,Maassluis,addr
2770638106,street,Talmastraat,addr
2770638106,date,2014-10-30,source
2770638106,postcode,3144CV,addr
2770638106,housenumber,68,addr
2770638411,source,BAG,regular
2770638411,city,Maassluis,addr
2770638411,street,Jan Boudesteinstraat,addr
2770638411,date,2014-10-30,source
2770638411,postcode,3144RA,addr
2770638411,housenumber,7,addr
2770638594,source,BAG,regular
2770638594,city,Maassluis,addr
2770638594,street,Piersonstraat,addr
2770638594,date,2014-10-30,source
2770638594,postcode,3144CR,addr
2770638594,housenumber,72,addr
2770638807,source,BAG,regular
2770638807,city,Maassluis,addr
2770638807,street,Esserstraat,addr
2770638807,date,2014-10-30,source
2770638807,postcode,3144CD,addr
2770638807,housenumber,8,addr
2770638978,source,BAG,regular
2770638978,city,Maassluis,addr
2770638978,street,Schubertlaan,addr
2770638978,date,2014-10-30,source
2770638978,postcode,3144BL,addr
2770638978,housenumber,812,addr
2770639162,source,BAG,regular
2770639162,city,Maassluis,addr
2770639162,street,Maasweg,addr
2770639162,date,2014-10-30,source
2770639162,postcode,3144DA,addr
2770639162,housenumber,8C,addr
2770639325,source,BAG,regular
2770639325,city,Maassluis,addr
2770639325,street,Schubertlaan,addr
2770639325,date,2014-10-30,source
2770639325,postcode,3144BL,addr
2770639325,housenumber,902,addr
2770639548,source,BAG,regular
2770639548,city,Maassluis,addr
2770639548,street,Koningshoek,addr
2770639548,date,2014-10-30,source
2770639548,postcode,3144BA,addr
2770639548,housenumber,92313,addr
2770639707,source,BAG,regular
2770639707,city,Maassluis,addr
2770639707,street,Koningshoek,addr
2770639707,date,2014-10-30,source
2770639707,postcode,3144BA,addr
2770639707,housenumber,93051,addr
2770970639,source,BAG,regular
2770970639,city,Maassluis,addr
2770970639,street,Seringenstraat,addr
2770970639,date,2014-10-30,source
2770970639,postcode,3142NP,addr
2770970639,housenumber,1,addr
2770970736,source,BAG,regular
2770970736,city,Maassluis,addr
2770970736,street,Lavendelstraat,addr
2770970736,date,2014-10-30,source
2770970736,postcode,3142NE,addr
2770970736,housenumber,101,addr
2770970841,source,BAG,regular
2770970841,city,Maassluis,addr
2770970841,street,Wagenstraat,addr
2770970841,date,2014-10-30,source
2770970841,postcode,3142CR,addr
2770970841,housenumber,109,addr
2770970931,source,BAG,regular
2770970931,city,Maassluis,addr
2770970931,street,Seringenstraat,addr
2770970931,date,2014-10-30,source
2770970931,postcode,3142NS,addr
2770970931,housenumber,115,addr
2770971065,source,BAG,regular
2770971065,city,Maassluis,addr
2770971065,street,Lavendelstraat,addr
2770971065,date,2014-10-30,source
2770971065,postcode,3142NE,addr
2770971065,housenumber,123,addr
2770971166,source,BAG,regular
2770971166,city,Maassluis,addr
2770971166,street,Seringenstraat,addr
2770971166,date,2014-10-30,source
2770971166,postcode,3142NS,addr
2770971166,housenumber,131,addr
2770971280,source,BAG,regular
2770971280,city,Maassluis,addr
2770971280,street,Noordvliet,addr
2770971280,date,2014-10-30,source
2770971280,postcode,3142CL,addr
2770971280,housenumber,143,addr
2770971374,source,BAG,regular
2770971374,city,Maassluis,addr
2770971374,street,Doctor Kuyperkade,addr
2770971374,date,2014-10-30,source
2770971374,postcode,3142GB,addr
2770971374,housenumber,15-ZW,addr
2770971478,source,BAG,regular
2770971478,city,Maassluis,addr
2770971478,street,Wagenstraat,addr
2770971478,date,2014-10-30,source
2770971478,postcode,3142CR,addr
2770971478,housenumber,16,addr
2770971572,source,BAG,regular
2770971572,city,Maassluis,addr
2770971572,street,Noorddijk,addr
2770971572,date,2014-10-30,source
2770971572,postcode,3142ED,addr
2770971572,housenumber,18,addr
2770971679,source,BAG,regular
2770971679,city,Maassluis,addr
2770971679,street,Markt,addr
2770971679,date,2014-10-30,source
2770971679,postcode,3142GE,addr
2770971679,housenumber,19B,addr
2770971919,source,BAG,regular
2770971919,city,Maassluis,addr
2770971919,street,Veerstraat,addr
2770971919,date,2014-10-30,source
2770971919,postcode,3142CP,addr
2770971919,housenumber,20,addr
2770972212,source,BAG,regular
2770972212,city,Maassluis,addr
2770972212,street,Oleanderpark,addr
2770972212,date,2014-10-30,source
2770972212,postcode,3142NK,addr
2770972212,housenumber,22,addr
2770972308,source,BAG,regular
2770972308,city,Maassluis,addr
2770972308,street,Hoogstraat,addr
2770972308,date,2014-10-30,source
2770972308,postcode,3142EA,addr
2770972308,housenumber,24,addr
2770972425,source,BAG,regular
2770972425,city,Maassluis,addr
2770972425,street,Seringenstraat,addr
2770972425,date,2014-10-30,source
2770972425,postcode,3142NV,addr
2770972425,housenumber,259,addr
2770972574,source,BAG,regular
2770972574,city,Maassluis,addr
2770972574,street,Veerstraat,addr
2770972574,date,2014-10-30,source
2770972574,postcode,3142CP,addr
2770972574,housenumber,27,addr
2770972697,source,BAG,regular
2770972697,city,Maassluis,addr
2770972697,street,Doctor Kuyperkade,addr
2770972697,date,2014-10-30,source
2770972697,postcode,3142GC,addr
2770972697,housenumber,29A,addr
2770972787,source,BAG,regular
2770972787,city,Maassluis,addr
2770972787,street,Spinnerij,addr
2770972787,date,2014-10-30,source
2770972787,postcode,3142BP,addr
2770972787,housenumber,30,addr
2770973060,source,BAG,regular
2770973060,city,Maassluis,addr
2770973060,street,Lijnbaan,addr
2770973060,date,2014-10-30,source
2770973060,postcode,3142BH,addr
2770973060,housenumber,33,addr
2770973360,source,BAG,regular
2770973360,city,Maassluis,addr
2770973360,street,Vlasserij,addr
2770973360,date,2014-10-30,source
2770973360,postcode,3142JH,addr
2770973360,housenumber,35,addr
2770973593,source,BAG,regular
2770973593,city,Maassluis,addr
2770973593,street,Wagenstraat,addr
2770973593,date,2014-10-30,source
2770973593,postcode,3142CR,addr
2770973593,housenumber,37,addr
2770973882,source,BAG,regular
2770973882,city,Maassluis,addr
2770973882,street,Hekelarij,addr
2770973882,date,2014-10-30,source
2770973882,postcode,3142BE,addr
2770973882,housenumber,4,addr
2770974245,source,BAG,regular
2770974245,city,Maassluis,addr
2770974245,street,Wagenstraat,addr
2770974245,date,2014-10-30,source
2770974245,postcode,3142CR,addr
2770974245,housenumber,41,addr
2770974376,source,BAG,regular
2770974376,city,Maassluis,addr
2770974376,street,Seringenstraat,addr
2770974376,date,2014-10-30,source
2770974376,postcode,3142NP,addr
2770974376,housenumber,45,addr
2770974582,source,BAG,regular
2770974582,city,Maassluis,addr
2770974582,street,Seringenstraat,addr
2770974582,date,2014-10-30,source
2770974582,postcode,3142NP,addr
2770974582,housenumber,49,addr
2770974780,source,BAG,regular
2770974780,city,Maassluis,addr
2770974780,street,Touwbaan,addr
2770974780,date,2014-10-30,source
2770974780,postcode,3142BV,addr
2770974780,housenumber,50,addr
2770974935,source,BAG,regular
2770974935,city,Maassluis,addr
2770974935,street,Wagenstraat,addr
2770974935,date,2014-10-30,source
2770974935,postcode,3142CR,addr
2770974935,housenumber,54,addr
2770975072,source,BAG,regular
2770975072,city,Maassluis,addr
2770975072,street,Lange Boonestraat,addr
2770975072,date,2014-10-30,source
2770975072,postcode,3142BG,addr
2770975072,housenumber,59,addr
2770975232,source,BAG,regular
2770975232,city,Maassluis,addr
2770975232,street,Lijnbaan,addr
2770975232,date,2014-10-30,source
2770975232,postcode,3142BJ,addr
2770975232,housenumber,61,addr
2770975362,source,BAG,regular
2770975362,city,Maassluis,addr
2770975362,street,Seringenstraat,addr
2770975362,date,2014-10-30,source
2770975362,postcode,3142NX,addr
2770975362,housenumber,66,addr
2770975564,source,BAG,regular
2770975564,city,Maassluis,addr
2770975564,street,Noordvliet,addr
2770975564,date,2014-10-30,source
2770975564,postcode,3142CH,addr
2770975564,housenumber,7,addr
2770975714,source,BAG,regular
2770975714,city,Maassluis,addr
2770975714,street,Mimosastraat,addr
2770975714,date,2014-10-30,source
2770975714,postcode,3142NH,addr
2770975714,housenumber,74,addr
2770975906,source,BAG,regular
2770975906,city,Maassluis,addr
2770975906,street,Noordvliet,addr
2770975906,date,2014-10-30,source
2770975906,postcode,3142CM,addr
2770975906,housenumber,8,addr
2770976063,source,BAG,regular
2770976063,city,Maassluis,addr
2770976063,street,Noordvliet,addr
2770976063,date,2014-10-30,source
2770976063,postcode,3142CK,addr
2770976063,housenumber,85,addr
2770976229,source,BAG,regular
2770976229,city,Maassluis,addr
2770976229,street,Nieuwe Schoolstraat,addr
2770976229,date,2014-10-30,source
2770976229,postcode,3142CG,addr
2770976229,housenumber,9,addr
2770976326,source,BAG,regular
2770976326,city,Maassluis,addr
2770976326,street,Noordvliet,addr
2770976326,date,2014-10-30,source
2770976326,postcode,3142CK,addr
2770976326,housenumber,95,addr
2771845577,source,BAG,regular
2771845577,city,Maassluis,addr
2771845577,street,Verweystraat,addr
2771845577,date,2014-10-30,source
2771845577,postcode,3141BS,addr
2771845577,housenumber,1,addr
2771845650,source,BAG,regular
2771845650,city,Maassluis,addr
2771845650,street,Zuidvliet,addr
2771845650,date,2014-10-30,source
2771845650,postcode,3141AL,addr
2771845650,housenumber,10,addr
2771845737,source,BAG,regular
2771845737,city,Maassluis,addr
2771845737,street,Da Costaplein,addr
2771845737,date,2014-10-30,source
2771845737,postcode,3141BB,addr
2771845737,housenumber,10C,addr
2771845815,source,BAG,regular
2771845815,city,Maassluis,addr
2771845815,street,Monseigneur W.M. Bekkerslaan,addr
2771845815,date,2014-10-30,source
2771845815,postcode,3141SJ,addr
2771845815,housenumber,111,addr
2771845914,source,BAG,regular
2771845914,city,Maassluis,addr
2771845914,street,Bilderdijklaan,addr
2771845914,date,2014-10-30,source
2771845914,postcode,3141SC,addr
2771845914,housenumber,12,addr
2771845993,source,BAG,regular
2771845993,city,Maassluis,addr
2771845993,street,Fenacoliuslaan,addr
2771845993,date,2014-10-30,source
2771845993,postcode,3143AE,addr
2771845993,housenumber,124,addr
2771846074,source,BAG,regular
2771846074,city,Maassluis,addr
2771846074,street,Landstraat,addr
2771846074,date,2014-10-30,source
2771846074,postcode,3141VJ,addr
2771846074,housenumber,13,addr
2771846151,source,BAG,regular
2771846151,city,Maassluis,addr
2771846151,street,P.C. Hooftlaan,addr
2771846151,date,2014-10-30,source
2771846151,postcode,3141AB,addr
2771846151,housenumber,13A,addr
2771846226,source,BAG,regular
2771846226,city,Maassluis,addr
2771846226,street,P.C. Hooftlaan,addr
2771846226,date,2014-10-30,source
2771846226,postcode,3141AH,addr
2771846226,housenumber,140,addr
2771846300,source,BAG,regular
2771846300,city,Maassluis,addr
2771846300,street,Roemer Visscherstraat,addr
2771846300,date,2014-10-30,source
2771846300,postcode,3141VR,addr
2771846300,housenumber,15,addr
2771846371,source,BAG,regular
2771846371,city,Maassluis,addr
2771846371,street,M.H. Trompstraat,addr
2771846371,date,2014-10-30,source
2771846371,postcode,3143AP,addr
2771846371,housenumber,16,addr
2771846462,source,BAG,regular
2771846462,city,Maassluis,addr
2771846462,street,Haven,addr
2771846462,date,2014-10-30,source
2771846462,postcode,3143BB,addr
2771846462,housenumber,16F,addr
2771846543,source,BAG,regular
2771846543,city,Maassluis,addr
2771846543,street,Damstraat,addr
2771846543,date,2014-10-30,source
2771846543,housenumber,18,addr
2771846735,source,BAG,regular
2771846735,city,Maassluis,addr
2771846735,street,Vondellaan,addr
2771846735,date,2014-10-30,source
2771846735,postcode,3141TN,addr
2771846735,housenumber,18D,addr
2771846860,source,BAG,regular
2771846860,city,Maassluis,addr
2771846860,street,Havenplein,addr
2771846860,date,2014-10-30,source
2771846860,postcode,3143BE,addr
2771846860,housenumber,1A,addr
2771846993,source,BAG,regular
2771846993,city,Maassluis,addr
2771846993,street,Jokweg,addr
2771846993,date,2014-10-30,source
2771846993,postcode,3141XD,addr
2771846993,housenumber,2,addr
2771847145,source,BAG,regular
2771847145,city,Maassluis,addr
2771847145,street,Landstraat,addr
2771847145,date,2014-10-30,source
2771847145,postcode,3141VJ,addr
2771847145,housenumber,20,addr
2771847399,source,BAG,regular
2771847399,city,Maassluis,addr
2771847399,street,Van Speykstraat,addr
2771847399,date,2014-10-30,source
2771847399,postcode,3143KG,addr
2771847399,housenumber,21,addr
2771847617,source,BAG,regular
2771847617,city,Maassluis,addr
2771847617,street,Zandpad,addr
2771847617,date,2014-10-30,source
2771847617,postcode,3143BK,addr
2771847617,housenumber,22,addr
2771847878,source,BAG,regular
2771847878,city,Maassluis,addr
2771847878,street,De Put,addr
2771847878,date,2014-10-30,source
2771847878,postcode,3143BN,addr
2771847878,housenumber,24,addr
2771848103,source,BAG,regular
2771848103,city,Maassluis,addr
2771848103,street,Vondellaan,addr
2771848103,date,2014-10-30,source
2771848103,postcode,3141CH,addr
2771848103,housenumber,25,addr
2771848362,source,BAG,regular
2771848362,city,Maassluis,addr
2771848362,street,Da Costaplein,addr
2771848362,date,2014-10-30,source
2771848362,postcode,3141BA,addr
2771848362,housenumber,27,addr
2771848589,source,BAG,regular
2771848589,city,Maassluis,addr
2771848589,street,G.A. Brederolaan,addr
2771848589,date,2014-10-30,source
2771848589,postcode,3141TE,addr
2771848589,housenumber,28-RD,addr
2771848852,source,BAG,regular
2771848852,city,Maassluis,addr
2771848852,street,Jokweg,addr
2771848852,date,2014-10-30,source
2771848852,postcode,3141XD,addr
2771848852,housenumber,2B,addr
2771849048,source,BAG,regular
2771849048,city,Maassluis,addr
2771849048,street,Vondelpark,addr
2771849048,date,2014-10-30,source
2771849048,postcode,3141CJ,addr
2771849048,housenumber,2K-038,addr
2771849341,source,BAG,regular
2771849341,city,Maassluis,addr
2771849341,street,Vondelpark,addr
2771849341,date,2014-10-30,source
2771849341,postcode,3141CJ,addr
2771849341,housenumber,2K-226,addr
2771849607,source,BAG,regular
2771849607,city,Maassluis,addr
2771849607,street,Jacob Catsstraat,addr
2771849607,date,2014-10-30,source
2771849607,postcode,3141TJ,addr
2771849607,housenumber,3,addr
2771849886,source,BAG,regular
2771849886,city,Maassluis,addr
2771849886,street,Taanstraat,addr
2771849886,date,2014-10-30,source
2771849886,postcode,3143BH,addr
2771849886,housenumber,30,addr
2771850097,source,BAG,regular
2771850097,city,Maassluis,addr
2771850097,street,P.C. Hooftlaan,addr
2771850097,date,2014-10-30,source
2771850097,postcode,3141AG,addr
2771850097,housenumber,32,addr
2771850500,source,BAG,regular
2771850500,city,Maassluis,addr
2771850500,street,Haven,addr
2771850500,date,2014-10-30,source
2771850500,postcode,3143BC,addr
2771850500,housenumber,33D,addr
2771850959,source,BAG,regular
2771850959,city,Maassluis,addr
2771850959,street,P.C. Hooftlaan,addr
2771850959,date,2014-10-30,source
2771850959,postcode,3141AC,addr
2771850959,housenumber,35B,addr
2771851491,source,BAG,regular
2771851491,city,Maassluis,addr
2771851491,street,Bilderdijklaan,addr
2771851491,date,2014-10-30,source
2771851491,postcode,3141SE,addr
2771851491,housenumber,38,addr
2771851898,source,BAG,regular
2771851898,city,Maassluis,addr
2771851898,street,Vondellaan,addr
2771851898,date,2014-10-30,source
2771851898,postcode,3141TL,addr
2771851898,housenumber,3B,addr
2771852290,source,BAG,regular
2771852290,city,Maassluis,addr
2771852290,street,Van der Horststraat,addr
2771852290,date,2014-10-30,source
2771852290,postcode,3141TG,addr
2771852290,housenumber,4,addr
2771852683,source,BAG,regular
2771852683,city,Maassluis,addr
2771852683,street,Schuurhof,addr
2771852683,date,2014-10-30,source
2771852683,postcode,3141AT,addr
2771852683,housenumber,42,addr
2771853328,source,BAG,regular
2771853328,city,Maassluis,addr
2771853328,street,Monseigneur W.M. Bekkerslaan,addr
2771853328,date,2014-10-30,source
2771853328,postcode,3141SK,addr
2771853328,housenumber,46,addr
2771853621,source,BAG,regular
2771853621,city,Maassluis,addr
2771853621,street,Johan Evertsenlaan,addr
2771853621,date,2014-10-30,source
2771853621,postcode,3143AH,addr
2771853621,housenumber,4B,addr
2771853740,source,BAG,regular
2771853740,city,Maassluis,addr
2771853740,street,Van Embdenstraat,addr
2771853740,date,2014-10-30,source
2771853740,postcode,3141VC,addr
2771853740,housenumber,5,addr
2771853859,source,BAG,regular
2771853859,city,Maassluis,addr
2771853859,street,P.C. Hooftlaan,addr
2771853859,date,2014-10-30,source
2771853859,postcode,3141AE,addr
2771853859,housenumber,53D,addr
2771854031,source,BAG,regular
2771854031,city,Maassluis,addr
2771854031,street,Wassenaer van Obdamstraat,addr
2771854031,date,2014-10-30,source
2771854031,postcode,3143KK,addr
2771854031,housenumber,59,addr
2771854162,source,BAG,regular
2771854162,city,Maassluis,addr
2771854162,street,Landstraat,addr
2771854162,date,2014-10-30,source
2771854162,postcode,3141VJ,addr
2771854162,housenumber,6,addr
2771854233,source,BAG,regular
2771854233,city,Maassluis,addr
2771854233,street,Wipperspark,addr
2771854233,date,2014-10-30,source
2771854233,postcode,3141RA,addr
2771854233,housenumber,61,addr
2771854355,source,BAG,regular
2771854355,city,Maassluis,addr
2771854355,street,Zuidvliet,addr
2771854355,date,2014-10-30,source
2771854355,postcode,3141AN,addr
2771854355,housenumber,67,addr
2771854425,source,BAG,regular
2771854425,city,Maassluis,addr
2771854425,street,Bloemhof,addr
2771854425,date,2014-10-30,source
2771854425,postcode,3141VT,addr
2771854425,housenumber,7,addr
2771854511,source,BAG,regular
2771854511,city,Maassluis,addr
2771854511,street,Zuiddijk,addr
2771854511,date,2014-10-30,source
2771854511,postcode,3143AT,addr
2771854511,housenumber,70,addr
2771854585,source,BAG,regular
2771854585,city,Maassluis,addr
2771854585,street,G.A. Brederolaan,addr
2771854585,date,2014-10-30,source
2771854585,postcode,3141CE,addr
2771854585,housenumber,77C,addr
2771854663,source,BAG,regular
2771854663,city,Maassluis,addr
2771854663,street,Ridderstraat,addr
2771854663,date,2014-10-30,source
2771854663,postcode,3141VP,addr
2771854663,housenumber,8,addr
2771854747,source,BAG,regular
2771854747,city,Maassluis,addr
2771854747,street,Monseigneur W.M. Bekkerslaan,addr
2771854747,date,2014-10-30,source
2771854747,postcode,3141SM,addr
2771854747,housenumber,84,addr
2771854848,source,BAG,regular
2771854848,city,Maassluis,addr
2771854848,street,Da Costaplein,addr
2771854848,date,2014-10-30,source
2771854848,postcode,3141BB,addr
2771854848,housenumber,8C,addr
2771854926,source,BAG,regular
2771854926,city,Maassluis,addr
2771854926,street,Wipperspark,addr
2771854926,date,2014-10-30,source
2771854926,postcode,3141RD,addr
2771854926,housenumber,90,addr
2772729986,source,BAG,regular
2772729986,city,Maassluis,addr
2772729986,street,Frederik Hendrikstraat,addr
2772729986,date,2014-10-30,source
2772729986,postcode,3143LB,addr
2772729986,housenumber,1,addr
2772730390,source,BAG,regular
2772730390,city,Maassluis,addr
2772730390,street,Jan Steenstraat,addr
2772730390,date,2014-10-30,source
2772730390,postcode,3141HB,addr
2772730390,housenumber,10,addr
2772730960,source,BAG,regular
2772730960,city,Maassluis,addr
2772730960,street,Mesdaglaan,addr
2772730960,date,2014-10-30,source
2772730960,postcode,3141HE,addr
2772730960,housenumber,105,addr
2772731740,source,BAG,regular
2772731740,city,Maassluis,addr
2772731740,street,Jongkindstraat,addr
2772731740,date,2014-10-30,source
2772731740,postcode,3141JG,addr
2772731740,housenumber,11,addr
2772732709,source,BAG,regular
2772732709,city,Maassluis,addr
2772732709,street,Jan Steenstraat,addr
2772732709,date,2014-10-30,source
2772732709,postcode,3141HD,addr
2772732709,housenumber,118,addr
2772733122,source,BAG,regular
2772733122,city,Maassluis,addr
2772733122,street,Sportlaan,addr
2772733122,date,2014-10-30,source
2772733122,postcode,3141XN,addr
2772733122,housenumber,12,addr
2772733366,source,BAG,regular
2772733366,city,Maassluis,addr
2772733366,street,Crabethstraat,addr
2772733366,date,2014-10-30,source
2772733366,postcode,3141XA,addr
2772733366,housenumber,13,addr
2772733573,source,BAG,regular
2772733573,city,Maassluis,addr
2772733573,street,Adriaen Brouwerstraat,addr
2772733573,date,2014-10-30,source
2772733573,postcode,3141JD,addr
2772733573,housenumber,134,addr
2772733793,source,BAG,regular
2772733793,city,Maassluis,addr
2772733793,street,Paul Krugerstraat,addr
2772733793,date,2014-10-30,source
2772733793,postcode,3143CP,addr
2772733793,housenumber,14,addr
2772733984,source,BAG,regular
2772733984,city,Maassluis,addr
2772733984,street,Albert Cuypplein,addr
2772733984,date,2014-10-30,source
2772733984,postcode,3141GA,addr
2772733984,housenumber,15,addr
2772734267,source,BAG,regular
2772734267,city,Maassluis,addr
2772734267,street,Vincent van Goghlaan,addr
2772734267,date,2014-10-30,source
2772734267,postcode,3141KT,addr
2772734267,housenumber,155,addr
2772734691,source,BAG,regular
2772734691,city,Maassluis,addr
2772734691,street,Tooroplaan,addr
2772734691,date,2014-10-30,source
2772734691,postcode,3141KP,addr
2772734691,housenumber,16,addr
2772735017,source,BAG,regular
2772735017,city,Maassluis,addr
2772735017,street,Jeroen Boschstraat,addr
2772735017,date,2014-10-30,source
2772735017,postcode,3141XJ,addr
2772735017,housenumber,17,addr
2772735297,source,BAG,regular
2772735297,city,Maassluis,addr
2772735297,street,Jongkindstraat,addr
2772735297,date,2014-10-30,source
2772735297,postcode,3141JH,addr
2772735297,housenumber,17C,addr
2772735792,source,BAG,regular
2772735792,city,Maassluis,addr
2772735792,street,Vincent van Goghlaan,addr
2772735792,date,2014-10-30,source
2772735792,postcode,3141KT,addr
2772735792,housenumber,187,addr
2772736101,source,BAG,regular
2772736101,city,Maassluis,addr
2772736101,street,Maria Rutgersstraat,addr
2772736101,date,2014-10-30,source
2772736101,postcode,3141XR,addr
2772736101,housenumber,19,addr
2772736542,source,BAG,regular
2772736542,city,Maassluis,addr
2772736542,street,Van Ostadestraat,addr
2772736542,date,2014-10-30,source
2772736542,postcode,3141JN,addr
2772736542,housenumber,19D,addr
2772736787,source,BAG,regular
2772736787,city,Maassluis,addr
2772736787,street,Paul Krugerstraat,addr
2772736787,date,2014-10-30,source
2772736787,postcode,3143CP,addr
2772736787,housenumber,2,addr
2772737287,source,BAG,regular
2772737287,city,Maassluis,addr
2772737287,street,Van der Helstplein,addr
2772737287,date,2014-10-30,source
2772737287,postcode,3141GG,addr
2772737287,housenumber,20,addr
2772737748,source,BAG,regular
2772737748,city,Maassluis,addr
2772737748,street,Gerard Douplein,addr
2772737748,date,2014-10-30,source
2772737748,postcode,3141GD,addr
2772737748,housenumber,21,addr
2772738296,source,BAG,regular
2772738296,city,Maassluis,addr
2772738296,street,Ruysdaelstraat,addr
2772738296,date,2014-10-30,source
2772738296,postcode,3141HP,addr
2772738296,housenumber,21C,addr
2772738728,source,BAG,regular
2772738728,city,Maassluis,addr
2772738728,street,Ruysdaelstraat,addr
2772738728,date,2014-10-30,source
2772738728,postcode,3141HP,addr
2772738728,housenumber,22B,addr
2772739251,source,BAG,regular
2772739251,city,Maassluis,addr
2772739251,street,Frans Halslaan,addr
2772739251,date,2014-10-30,source
2772739251,postcode,3141XD,addr
2772739251,housenumber,23A,addr
2772739506,source,BAG,regular
2772739506,city,Maassluis,addr
2772739506,street,Joubertstraat,addr
2772739506,date,2014-10-30,source
2772739506,postcode,3143CL,addr
2772739506,housenumber,25,addr
2772739794,source,BAG,regular
2772739794,city,Maassluis,addr
2772739794,street,Joubertstraat,addr
2772739794,date,2014-10-30,source
2772739794,postcode,3143CM,addr
2772739794,housenumber,26-RD,addr
2772740080,source,BAG,regular
2772740080,city,Maassluis,addr
2772740080,street,Adriaen Brouwerstraat,addr
2772740080,date,2014-10-30,source
2772740080,postcode,3141JB,addr
2772740080,housenumber,28,addr
2772740411,source,BAG,regular
2772740411,city,Maassluis,addr
2772740411,street,Vincent van Goghlaan,addr
2772740411,date,2014-10-30,source
2772740411,postcode,3141KT,addr
2772740411,housenumber,291,addr
2772740652,source,BAG,regular
2772740652,city,Maassluis,addr
2772740652,street,Jongkindstraat,addr
2772740652,date,2014-10-30,source
2772740652,postcode,3141JE,addr
2772740652,housenumber,3,addr
2772741010,source,BAG,regular
2772741010,city,Maassluis,addr
2772741010,street,Burgemeester De Jonghkade,addr
2772741010,date,2014-10-30,source
2772741010,postcode,3143CC,addr
2772741010,housenumber,30B,addr
2772741301,source,BAG,regular
2772741301,city,Maassluis,addr
2772741301,street,Frederik Hendrikstraat,addr
2772741301,date,2014-10-30,source
2772741301,postcode,3143LD,addr
2772741301,housenumber,32-ZW,addr
2772741577,source,BAG,regular
2772741577,city,Maassluis,addr
2772741577,street,Burgemeester De Jonghkade,addr
2772741577,date,2014-10-30,source
2772741577,postcode,3143CC,addr
2772741577,housenumber,35,addr
2772741872,source,BAG,regular
2772741872,city,Maassluis,addr
2772741872,street,Frans Halslaan,addr
2772741872,date,2014-10-30,source
2772741872,postcode,3141XG,addr
2772741872,housenumber,37,addr
2772742261,source,BAG,regular
2772742261,city,Maassluis,addr
2772742261,street,Van Scorelstraat,addr
2772742261,date,2014-10-30,source
2772742261,postcode,3141HT,addr
2772742261,housenumber,39,addr
2772742536,source,BAG,regular
2772742536,city,Maassluis,addr
2772742536,street,Joubertstraat,addr
2772742536,date,2014-10-30,source
2772742536,postcode,3143CM,addr
2772742536,housenumber,4,addr
2772742986,source,BAG,regular
2772742986,city,Maassluis,addr
2772742986,street,Van Scorelstraat,addr
2772742986,date,2014-10-30,source
2772742986,postcode,3141HT,addr
2772742986,housenumber,41,addr
2772743202,source,BAG,regular
2772743202,city,Maassluis,addr
2772743202,street,Tooroplaan,addr
2772743202,date,2014-10-30,source
2772743202,postcode,3141KN,addr
2772743202,housenumber,45,addr
2772743577,source,BAG,regular
2772743577,city,Maassluis,addr
2772743577,street,Generaal de Wetstraat,addr
2772743577,date,2014-10-30,source
2772743577,postcode,3143CJ,addr
2772743577,housenumber,49-RD,addr
2772744102,source,BAG,regular
2772744102,city,Maassluis,addr
2772744102,street,Paulus Potterstraat,addr
2772744102,date,2014-10-30,source
2772744102,postcode,3141GK,addr
2772744102,housenumber,5,addr
2772744573,source,BAG,regular
2772744573,city,Maassluis,addr
2772744573,street,Pieter de Hoochstraat,addr
2772744573,date,2014-10-30,source
2772744573,postcode,3141JP,addr
2772744573,housenumber,53,addr
2772744978,source,BAG,regular
2772744978,city,Maassluis,addr
2772744978,street,Adriaen Brouwerstraat,addr
2772744978,date,2014-10-30,source
2772744978,postcode,3141JA,addr
2772744978,housenumber,59,addr
2772745505,source,BAG,regular
2772745505,city,Maassluis,addr
2772745505,street,Jan Vethlaan,addr
2772745505,date,2014-10-30,source
2772745505,postcode,3141KK,addr
2772745505,housenumber,6,addr
2772745808,source,BAG,regular
2772745808,city,Maassluis,addr
2772745808,street,Jeroen Boschstraat,addr
2772745808,date,2014-10-30,source
2772745808,postcode,3141XK,addr
2772745808,housenumber,63,addr
2772746679,source,BAG,regular
2772746679,city,Maassluis,addr
2772746679,street,Ruysdaelstraat,addr
2772746679,date,2014-10-30,source
2772746679,postcode,3141HL,addr
2772746679,housenumber,6A,addr
2772746875,source,BAG,regular
2772746875,city,Maassluis,addr
2772746875,street,Prinses Julianalaan,addr
2772746875,date,2014-10-30,source
2772746875,postcode,3143LK,addr
2772746875,housenumber,7,addr
2772747187,source,BAG,regular
2772747187,city,Maassluis,addr
2772747187,street,Rembrandtlaan,addr
2772747187,date,2014-10-30,source
2772747187,postcode,3141HK,addr
2772747187,housenumber,75,addr
2772747566,source,BAG,regular
2772747566,city,Maassluis,addr
2772747566,street,Adriaen Brouwerstraat,addr
2772747566,date,2014-10-30,source
2772747566,postcode,3141JB,addr
2772747566,housenumber,8,addr
2772747980,source,BAG,regular
2772747980,city,Maassluis,addr
2772747980,street,Jozef Israëlslaan,addr
2772747980,date,2014-10-30,source
2772747980,postcode,3141KE,addr
2772747980,housenumber,80,addr
2772748407,source,BAG,regular
2772748407,city,Maassluis,addr
2772748407,street,Van Scorelstraat,addr
2772748407,date,2014-10-30,source
2772748407,postcode,3141HV,addr
2772748407,housenumber,88,addr
2772748861,source,BAG,regular
2772748861,city,Maassluis,addr
2772748861,street,Maria Rutgersstraat,addr
2772748861,date,2014-10-30,source
2772748861,postcode,3141XR,addr
2772748861,housenumber,9,addr
2772749111,source,BAG,regular
2772749111,city,Maassluis,addr
2772749111,street,Jozef Israëlslaan,addr
2772749111,date,2014-10-30,source
2772749111,postcode,3141KG,addr
2772749111,housenumber,94,addr
2772824069,source,BAG,regular
2772824069,city,Maassluis,addr
2772824069,street,Zuidbuurt,addr
2772824069,date,2014-10-30,source
2772824069,postcode,3141EN,addr
2772824069,housenumber,27,addr
2772913120,source,BAG,regular
2772913120,city,Vlaardingen,addr
2772913120,street,Zuidbuurt,addr
2772913120,date,2014-10-30,source
2772913120,postcode,3132KB,addr
2772913120,housenumber,48,addr
2773490049,source,BAG,regular
2773490049,city,Vlaardingen,addr
2773490049,street,'s-Gravesandestraat,addr
2773490049,date,2014-10-30,source
2773490049,postcode,3132RK,addr
2773490049,housenumber,1,addr
2773490112,source,BAG,regular
2773490112,city,Vlaardingen,addr
2773490112,street,Jacoba van Beierenstraat,addr
2773490112,date,2014-10-30,source
2773490112,postcode,3132JP,addr
2773490112,housenumber,10,addr
2773490391,source,BAG,regular
2773490391,city,Vlaardingen,addr
2773490391,street,Zeemanstraat,addr
2773490391,date,2014-10-30,source
2773490391,postcode,3132TT,addr
2773490391,housenumber,102,addr
2773490657,source,BAG,regular
2773490657,city,Vlaardingen,addr
2773490657,street,Eykmanstraat,addr
2773490657,date,2014-10-30,source
2773490657,postcode,3132SG,addr
2773490657,housenumber,109,addr
2773490907,source,BAG,regular
2773490907,city,Vlaardingen,addr
2773490907,street,van Blankenheimstraat,addr
2773490907,date,2014-10-30,source
2773490907,postcode,3132VD,addr
2773490907,housenumber,110,addr
2773491290,source,BAG,regular
2773491290,city,Vlaardingen,addr
2773491290,street,Jan van Arkelstraat,addr
2773491290,date,2014-10-30,source
2773491290,postcode,3132VP,addr
2773491290,housenumber,116,addr
2773491767,source,BAG,regular
2773491767,city,Vlaardingen,addr
2773491767,street,Jacoba van Beierenstraat,addr
2773491767,date,2014-10-30,source
2773491767,postcode,3132JP,addr
2773491767,housenumber,12,addr
2773492207,source,BAG,regular
2773492207,city,Vlaardingen,addr
2773492207,street,van Blankenheimstraat,addr
2773492207,date,2014-10-30,source
2773492207,postcode,3132VD,addr
2773492207,housenumber,122,addr
2773492446,source,BAG,regular
2773492446,city,Vlaardingen,addr
2773492446,street,Blois van Treslongstraat,addr
2773492446,date,2014-10-30,source
2773492446,postcode,3132XE,addr
2773492446,housenumber,128,addr
2773492750,source,BAG,regular
2773492750,city,Vlaardingen,addr
2773492750,street,van Blankenheimstraat,addr
2773492750,date,2014-10-30,source
2773492750,postcode,3132VA,addr
2773492750,housenumber,13,addr
2773493002,source,BAG,regular
2773493002,city,Vlaardingen,addr
2773493002,street,Blois van Treslongstraat,addr
2773493002,date,2014-10-30,source
2773493002,postcode,3132XB,addr
2773493002,housenumber,135,addr
2773493213,source,BAG,regular
2773493213,city,Vlaardingen,addr
2773493213,street,Floris de Vijfdelaan,addr
2773493213,date,2014-10-30,source
2773493213,postcode,3132HL,addr
2773493213,housenumber,14,addr
2773493602,source,BAG,regular
2773493602,city,Vlaardingen,addr
2773493602,street,Jan van Arkelstraat,addr
2773493602,date,2014-10-30,source
2773493602,postcode,3132VP,addr
2773493602,housenumber,142,addr
2773494042,source,BAG,regular
2773494042,city,Vlaardingen,addr
2773494042,street,van der Werffstraat,addr
2773494042,date,2014-10-30,source
2773494042,postcode,3132WG,addr
2773494042,housenumber,148,addr
2773494652,source,BAG,regular
2773494652,city,Vlaardingen,addr
2773494652,street,Philips de Goedestraat,addr
2773494652,date,2014-10-30,source
2773494652,postcode,3132XT,addr
2773494652,housenumber,150,addr
2773495023,source,BAG,regular
2773495023,city,Vlaardingen,addr
2773495023,street,Philips de Goedestraat,addr
2773495023,date,2014-10-30,source
2773495023,postcode,3132XT,addr
2773495023,housenumber,156,addr
2773495456,source,BAG,regular
2773495456,city,Vlaardingen,addr
2773495456,street,Planciusstraat,addr
2773495456,date,2014-10-30,source
2773495456,postcode,3132SW,addr
2773495456,housenumber,16,addr
2773495756,source,BAG,regular
2773495756,city,Vlaardingen,addr
2773495756,street,Kamerlingh Onnesstraat,addr
2773495756,date,2014-10-30,source
2773495756,postcode,3132RP,addr
2773495756,housenumber,165,addr
2773496005,source,BAG,regular
2773496005,city,Vlaardingen,addr
2773496005,street,Musschenbroekstraat,addr
2773496005,date,2014-10-30,source
2773496005,postcode,3132RW,addr
2773496005,housenumber,17,addr
2773496593,source,BAG,regular
2773496593,city,Vlaardingen,addr
2773496593,street,Gijsbrecht van Amstelstraat,addr
2773496593,date,2014-10-30,source
2773496593,postcode,3132VJ,addr
2773496593,housenumber,176,addr
2773497162,source,BAG,regular
2773497162,city,Vlaardingen,addr
2773497162,street,Van 't Hoffstraat,addr
2773497162,date,2014-10-30,source
2773497162,postcode,3132TE,addr
2773497162,housenumber,18,addr
2773497493,source,BAG,regular
2773497493,city,Vlaardingen,addr
2773497493,street,Claudius Civilislaan,addr
2773497493,date,2014-10-30,source
2773497493,postcode,3132JB,addr
2773497493,housenumber,188,addr
2773497770,source,BAG,regular
2773497770,city,Vlaardingen,addr
2773497770,street,Claudius Civilislaan,addr
2773497770,date,2014-10-30,source
2773497770,postcode,3132JB,addr
2773497770,housenumber,192,addr
2773498024,source,BAG,regular
2773498024,city,Vlaardingen,addr
2773498024,street,Coppelstockstraat,addr
2773498024,date,2014-10-30,source
2773498024,postcode,3132XN,addr
2773498024,housenumber,2,addr
2773498271,source,BAG,regular
2773498271,city,Vlaardingen,addr
2773498271,street,Karel de Grotelaan,addr
2773498271,date,2014-10-30,source
2773498271,postcode,3132JV,addr
2773498271,housenumber,20,addr
2773498524,source,BAG,regular
2773498524,city,Vlaardingen,addr
2773498524,street,Claudius Civilislaan,addr
2773498524,date,2014-10-30,source
2773498524,postcode,3132JB,addr
2773498524,housenumber,206,addr
2773499079,source,BAG,regular
2773499079,city,Vlaardingen,addr
2773499079,street,Claudius Civilislaan,addr
2773499079,date,2014-10-30,source
2773499079,postcode,3132JB,addr
2773499079,housenumber,210,addr
2773499461,source,BAG,regular
2773499461,city,Vlaardingen,addr
2773499461,street,Floris de Vijfdelaan,addr
2773499461,date,2014-10-30,source
2773499461,postcode,3132HL,addr
2773499461,housenumber,22,addr
2773499863,source,BAG,regular
2773499863,city,Vlaardingen,addr
2773499863,street,van der Werffstraat,addr
2773499863,date,2014-10-30,source
2773499863,postcode,3132WH,addr
2773499863,housenumber,224,addr
2773500102,source,BAG,regular
2773500102,city,Vlaardingen,addr
2773500102,street,van Viandenstraat,addr
2773500102,date,2014-10-30,source
2773500102,postcode,3132VR,addr
2773500102,housenumber,23,addr
2773500434,source,BAG,regular
2773500434,city,Vlaardingen,addr
2773500434,street,Asserstraat,addr
2773500434,date,2014-10-30,source
2773500434,postcode,3132SB,addr
2773500434,housenumber,24,addr
2773500694,source,BAG,regular
2773500694,city,Vlaardingen,addr
2773500694,street,Dirk de Derdelaan,addr
2773500694,date,2014-10-30,source
2773500694,postcode,3132HG,addr
2773500694,housenumber,243,addr
2773501244,source,BAG,regular
2773501244,city,Vlaardingen,addr
2773501244,street,van Leeuwenhoekstraat,addr
2773501244,date,2014-10-30,source
2773501244,postcode,3132RT,addr
2773501244,housenumber,25,addr
2773501626,source,BAG,regular
2773501626,city,Vlaardingen,addr
2773501626,street,Lorentzstraat,addr
2773501626,date,2014-10-30,source
2773501626,postcode,3132SN,addr
2773501626,housenumber,25D,addr
2773502200,source,BAG,regular
2773502200,city,Vlaardingen,addr
2773502200,street,Claudius Civilislaan,addr
2773502200,date,2014-10-30,source
2773502200,postcode,3132JB,addr
2773502200,housenumber,264,addr
2773502612,source,BAG,regular
2773502612,city,Vlaardingen,addr
2773502612,street,Gijsbrecht van Amstelstraat,addr
2773502612,date,2014-10-30,source
2773502612,postcode,3132VK,addr
2773502612,housenumber,270,addr
2773503174,source,BAG,regular
2773503174,city,Vlaardingen,addr
2773503174,street,Jacoba van Beierenstraat,addr
2773503174,date,2014-10-30,source
2773503174,postcode,3132JP,addr
2773503174,housenumber,28,addr
2773503549,source,BAG,regular
2773503549,city,Vlaardingen,addr
2773503549,street,van der Werffstraat,addr
2773503549,date,2014-10-30,source
2773503549,postcode,3132WJ,addr
2773503549,housenumber,288,addr
2773504109,source,BAG,regular
2773504109,city,Vlaardingen,addr
2773504109,street,Dirk de Derdelaan,addr
2773504109,date,2014-10-30,source
2773504109,postcode,3132HH,addr
2773504109,housenumber,295A,addr
2773504385,source,BAG,regular
2773504385,city,Vlaardingen,addr
2773504385,street,van Leeuwenhoekstraat,addr
2773504385,date,2014-10-30,source
2773504385,postcode,3132RT,addr
2773504385,housenumber,3,addr
2773504976,source,BAG,regular
2773504976,city,Vlaardingen,addr
2773504976,street,Floris de Vijfdelaan,addr
2773504976,date,2014-10-30,source
2773504976,postcode,3132HW,addr
2773504976,housenumber,304,addr
2773505418,source,BAG,regular
2773505418,city,Vlaardingen,addr
2773505418,street,Boerhaavestraat,addr
2773505418,date,2014-10-30,source
2773505418,postcode,3132RB,addr
2773505418,housenumber,313,addr
2773505677,source,BAG,regular
2773505677,city,Vlaardingen,addr
2773505677,street,Frank van Borselenstraat,addr
2773505677,date,2014-10-30,source
2773505677,postcode,3132JK,addr
2773505677,housenumber,321,addr
2773505766,source,BAG,regular
2773505766,city,Vlaardingen,addr
2773505766,street,Boerhaavestraat,addr
2773505766,date,2014-10-30,source
2773505766,postcode,3132RB,addr
2773505766,housenumber,333,addr
2773505877,source,BAG,regular
2773505877,city,Vlaardingen,addr
2773505877,street,Claudius Civilislaan,addr
2773505877,date,2014-10-30,source
2773505877,postcode,3132JB,addr
2773505877,housenumber,344,addr
2773506032,source,BAG,regular
2773506032,city,Vlaardingen,addr
2773506032,street,Claudius Civilislaan,addr
2773506032,date,2014-10-30,source
2773506032,postcode,3132JB,addr
2773506032,housenumber,358,addr
2773506315,source,BAG,regular
2773506315,city,Vlaardingen,addr
2773506315,street,Eykmanstraat,addr
2773506315,date,2014-10-30,source
2773506315,postcode,3132SE,addr
2773506315,housenumber,37,addr
2773506777,source,BAG,regular
2773506777,city,Vlaardingen,addr
2773506777,street,Karel de Grotelaan,addr
2773506777,date,2014-10-30,source
2773506777,postcode,3132JV,addr
2773506777,housenumber,38,addr
2773507425,source,BAG,regular
2773507425,city,Vlaardingen,addr
2773507425,street,Boerhaavestraat,addr
2773507425,date,2014-10-30,source
2773507425,postcode,3132RD,addr
2773507425,housenumber,395,addr
2773507898,source,BAG,regular
2773507898,city,Vlaardingen,addr
2773507898,street,van Viandenstraat,addr
2773507898,date,2014-10-30,source
2773507898,postcode,3132VS,addr
2773507898,housenumber,4,addr
2773508225,source,BAG,regular
2773508225,city,Vlaardingen,addr
2773508225,street,Claudius Civilislaan,addr
2773508225,date,2014-10-30,source
2773508225,postcode,3132JB,addr
2773508225,housenumber,40Z-115,addr
2773508404,source,BAG,regular
2773508404,city,Vlaardingen,addr
2773508404,street,Frank van Borselenstraat,addr
2773508404,date,2014-10-30,source
2773508404,postcode,3132JM,addr
2773508404,housenumber,411,addr
2773508778,source,BAG,regular
2773508778,city,Vlaardingen,addr
2773508778,street,Jacoba van Beierenstraat,addr
2773508778,date,2014-10-30,source
2773508778,postcode,3132JN,addr
2773508778,housenumber,43,addr
2773508963,source,BAG,regular
2773508963,city,Vlaardingen,addr
2773508963,street,Boerhaavestraat,addr
2773508963,date,2014-10-30,source
2773508963,postcode,3132RD,addr
2773508963,housenumber,449,addr
2773509357,source,BAG,regular
2773509357,city,Vlaardingen,addr
2773509357,street,van der Werffstraat,addr
2773509357,date,2014-10-30,source
2773509357,postcode,3132WC,addr
2773509357,housenumber,46,addr
2773509587,source,BAG,regular
2773509587,city,Vlaardingen,addr
2773509587,street,van Blankenheimstraat,addr
2773509587,date,2014-10-30,source
2773509587,postcode,3132VB,addr
2773509587,housenumber,48,addr
2773509932,source,BAG,regular
2773509932,city,Vlaardingen,addr
2773509932,street,Sonoystraat,addr
2773509932,date,2014-10-30,source
2773509932,postcode,3132ZC,addr
2773509932,housenumber,5,addr
2773510190,source,BAG,regular
2773510190,city,Vlaardingen,addr
2773510190,street,van Wesembekestraat,addr
2773510190,date,2014-10-30,source
2773510190,postcode,3132XV,addr
2773510190,housenumber,51,addr
2773510586,source,BAG,regular
2773510586,city,Vlaardingen,addr
2773510586,street,Frank van Borselenstraat,addr
2773510586,date,2014-10-30,source
2773510586,postcode,3132JD,addr
2773510586,housenumber,53D,addr
2773510725,source,BAG,regular
2773510725,city,Vlaardingen,addr
2773510725,street,Jan van Arkelstraat,addr
2773510725,date,2014-10-30,source
2773510725,postcode,3132VM,addr
2773510725,housenumber,56,addr
2773511000,source,BAG,regular
2773511000,city,Vlaardingen,addr
2773511000,street,Boerhaavestraat,addr
2773511000,date,2014-10-30,source
2773511000,postcode,3132RA,addr
2773511000,housenumber,59,addr
2773511411,source,BAG,regular
2773511411,city,Vlaardingen,addr
2773511411,street,Sonoystraat,addr
2773511411,date,2014-10-30,source
2773511411,postcode,3132ZE,addr
2773511411,housenumber,6,addr
2773511929,source,BAG,regular
2773511929,city,Vlaardingen,addr
2773511929,street,Floris de Vijfdelaan,addr
2773511929,date,2014-10-30,source
2773511929,postcode,3132HM,addr
2773511929,housenumber,62,addr
2773512170,source,BAG,regular
2773512170,city,Vlaardingen,addr
2773512170,street,Frank van Borselenstraat,addr
2773512170,date,2014-10-30,source
2773512170,postcode,3132JD,addr
2773512170,housenumber,65,addr
2773512562,source,BAG,regular
2773512562,city,Vlaardingen,addr
2773512562,street,Jan van Arkelstraat,addr
2773512562,date,2014-10-30,source
2773512562,postcode,3132VN,addr
2773512562,housenumber,68,addr
2773512844,source,BAG,regular
2773512844,city,Vlaardingen,addr
2773512844,street,Van 't Hoffstraat,addr
2773512844,date,2014-10-30,source
2773512844,postcode,3132TD,addr
2773512844,housenumber,7,addr
2773513177,source,BAG,regular
2773513177,city,Vlaardingen,addr
2773513177,street,Karel de Grotelaan,addr
2773513177,date,2014-10-30,source
2773513177,postcode,3132JW,addr
2773513177,housenumber,72,addr
2773513537,source,BAG,regular
2773513537,city,Vlaardingen,addr
2773513537,street,van Wesembekestraat,addr
2773513537,date,2014-10-30,source
2773513537,postcode,3132XW,addr
2773513537,housenumber,75,addr
2773514175,source,BAG,regular
2773514175,city,Vlaardingen,addr
2773514175,street,Sonoystraat,addr
2773514175,date,2014-10-30,source
2773514175,postcode,3132ZD,addr
2773514175,housenumber,79,addr
2773514632,source,BAG,regular
2773514632,city,Vlaardingen,addr
2773514632,street,van Viandenstraat,addr
2773514632,date,2014-10-30,source
2773514632,postcode,3132VS,addr
2773514632,housenumber,8,addr
2773515089,source,BAG,regular
2773515089,city,Vlaardingen,addr
2773515089,street,van Wesembekestraat,addr
2773515089,date,2014-10-30,source
2773515089,postcode,3132XW,addr
2773515089,housenumber,83,addr
2773515486,source,BAG,regular
2773515486,city,Vlaardingen,addr
2773515486,street,Floris de Vijfdelaan,addr
2773515486,date,2014-10-30,source
2773515486,postcode,3132HM,addr
2773515486,housenumber,88,addr
2773516257,source,BAG,regular
2773516257,city,Vlaardingen,addr
2773516257,street,van Blankenheimstraat,addr
2773516257,date,2014-10-30,source
2773516257,postcode,3132VA,addr
2773516257,housenumber,9,addr
2773516741,source,BAG,regular
2773516741,city,Vlaardingen,addr
2773516741,street,van Wesembekestraat,addr
2773516741,date,2014-10-30,source
2773516741,postcode,3132XW,addr
2773516741,housenumber,93,addr
2773517252,source,BAG,regular
2773517252,city,Vlaardingen,addr
2773517252,street,Jan van Arkelstraat,addr
2773517252,date,2014-10-30,source
2773517252,postcode,3132VN,addr
2773517252,housenumber,98,addr
2773633650,source,BAG,regular
2773633650,city,Vlaardingen,addr
2773633650,street,Johannes van Bijnenstraat,addr
2773633650,date,2014-10-30,source
2773633650,postcode,3132AE,addr
2773633650,housenumber,10,addr
2773633801,source,BAG,regular
2773633801,city,Vlaardingen,addr
2773633801,street,Coornhertstraat,addr
2773633801,date,2014-10-30,source
2773633801,postcode,3132GB,addr
2773633801,housenumber,105,addr
2773633928,source,BAG,regular
2773633928,city,Vlaardingen,addr
2773633928,street,Johannes Muldersstraat,addr
2773633928,date,2014-10-30,source
2773633928,postcode,3132NH,addr
2773633928,housenumber,11,addr
2773634250,source,BAG,regular
2773634250,city,Vlaardingen,addr
2773634250,street,Professor Rutgersstraat,addr
2773634250,date,2014-10-30,source
2773634250,postcode,3132NL,addr
2773634250,housenumber,114,addr
2773634657,source,BAG,regular
2773634657,city,Vlaardingen,addr
2773634657,street,Coornhertstraat,addr
2773634657,date,2014-10-30,source
2773634657,postcode,3132GJ,addr
2773634657,housenumber,12,addr
2773634855,source,BAG,regular
2773634855,city,Vlaardingen,addr
2773634855,street,Professor Mekelstraat,addr
2773634855,date,2014-10-30,source
2773634855,postcode,3132BE,addr
2773634855,housenumber,124,addr
2773634964,source,BAG,regular
2773634964,city,Vlaardingen,addr
2773634964,street,Geert Grootelaan,addr
2773634964,date,2014-10-30,source
2773634964,postcode,3132CA,addr
2773634964,housenumber,13,addr
2773635174,source,BAG,regular
2773635174,city,Vlaardingen,addr
2773635174,street,Roemer Visscherstraat,addr
2773635174,date,2014-10-30,source
2773635174,postcode,3132EV,addr
2773635174,housenumber,134,addr
2773635324,source,BAG,regular
2773635324,city,Vlaardingen,addr
2773635324,street,Datheenstraat,addr
2773635324,date,2014-10-30,source
2773635324,postcode,3132PH,addr
2773635324,housenumber,14,addr
2773635501,source,BAG,regular
2773635501,city,Vlaardingen,addr
2773635501,street,Coornhertstraat,addr
2773635501,date,2014-10-30,source
2773635501,postcode,3132GC,addr
2773635501,housenumber,145,addr
2773635656,source,BAG,regular
2773635656,city,Vlaardingen,addr
2773635656,street,Johannes van Bijnenstraat,addr
2773635656,date,2014-10-30,source
2773635656,postcode,3132AC,addr
2773635656,housenumber,15,addr
2773635944,source,BAG,regular
2773635944,city,Vlaardingen,addr
2773635944,street,Professor Teldersstraat,addr
2773635944,date,2014-10-30,source
2773635944,postcode,3132AV,addr
2773635944,housenumber,155,addr
2773636063,source,BAG,regular
2773636063,city,Vlaardingen,addr
2773636063,street,Doctor Brugsmastraat,addr
2773636063,date,2014-10-30,source
2773636063,postcode,3132NA,addr
2773636063,housenumber,16,addr
2773636214,source,BAG,regular
2773636214,city,Vlaardingen,addr
2773636214,street,Professor Mekelstraat,addr
2773636214,date,2014-10-30,source
2773636214,postcode,3132BE,addr
2773636214,housenumber,166,addr
2773636322,source,BAG,regular
2773636322,city,Vlaardingen,addr
2773636322,street,Meester Verschuurstraat,addr
2773636322,date,2014-10-30,source
2773636322,postcode,3132NT,addr
2773636322,housenumber,17,addr
2773636428,source,BAG,regular
2773636428,city,Vlaardingen,addr
2773636428,street,Professor Teldersstraat,addr
2773636428,date,2014-10-30,source
2773636428,postcode,3132AW,addr
2773636428,housenumber,177,addr
2773636640,source,BAG,regular
2773636640,city,Vlaardingen,addr
2773636640,street,Datheenstraat,addr
2773636640,date,2014-10-30,source
2773636640,postcode,3132PE,addr
2773636640,housenumber,183,addr
2773636945,source,BAG,regular
2773636945,city,Vlaardingen,addr
2773636945,street,Coornhertstraat,addr
2773636945,date,2014-10-30,source
2773636945,postcode,3132GD,addr
2773636945,housenumber,189B,addr
2773637276,source,BAG,regular
2773637276,city,Vlaardingen,addr
2773637276,street,Coornhertstraat,addr
2773637276,date,2014-10-30,source
2773637276,postcode,3132GD,addr
2773637276,housenumber,193A,addr
2773637384,source,BAG,regular
2773637384,city,Vlaardingen,addr
2773637384,street,Coornhertstraat,addr
2773637384,date,2014-10-30,source
2773637384,postcode,3132GA,addr
2773637384,housenumber,1A,addr
2773637616,source,BAG,regular
2773637616,city,Vlaardingen,addr
2773637616,street,Professor Teldersstraat,addr
2773637616,date,2014-10-30,source
2773637616,postcode,3132AW,addr
2773637616,housenumber,201,addr
2773637759,source,BAG,regular
2773637759,city,Vlaardingen,addr
2773637759,street,Geert Grootelaan,addr
2773637759,date,2014-10-30,source
2773637759,postcode,3132CD,addr
2773637759,housenumber,209,addr
2773638043,source,BAG,regular
2773638043,city,Vlaardingen,addr
2773638043,street,Roemer Visscherstraat,addr
2773638043,date,2014-10-30,source
2773638043,postcode,3132EX,addr
2773638043,housenumber,214,addr
2773638250,source,BAG,regular
2773638250,city,Vlaardingen,addr
2773638250,street,Doctor Wiardi Beckmansingel,addr
2773638250,date,2014-10-30,source
2773638250,postcode,3132CX,addr
2773638250,housenumber,22,addr
2773638319,source,BAG,regular
2773638319,city,Vlaardingen,addr
2773638319,street,Samuel Esmeijerstraat,addr
2773638319,date,2014-10-30,source
2773638319,postcode,3132AP,addr
2773638319,housenumber,228,addr
2773638504,source,BAG,regular
2773638504,city,Vlaardingen,addr
2773638504,street,Marnixlaan,addr
2773638504,date,2014-10-30,source
2773638504,postcode,3132PM,addr
2773638504,housenumber,233,addr
2773638663,source,BAG,regular
2773638663,city,Vlaardingen,addr
2773638663,street,Johannes Poststraat,addr
2773638663,date,2014-10-30,source
2773638663,postcode,3132AJ,addr
2773638663,housenumber,24,addr
2773638815,source,BAG,regular
2773638815,city,Vlaardingen,addr
2773638815,street,van Baerlestraat,addr
2773638815,date,2014-10-30,source
2773638815,postcode,3132EE,addr
2773638815,housenumber,247,addr
2773638989,source,BAG,regular
2773638989,city,Vlaardingen,addr
2773638989,street,Roemer Visscherstraat,addr
2773638989,date,2014-10-30,source
2773638989,postcode,3132EX,addr
2773638989,housenumber,254,addr
2773639231,source,BAG,regular
2773639231,city,Vlaardingen,addr
2773639231,street,Doctor Wiardi Beckmansingel,addr
2773639231,date,2014-10-30,source
2773639231,postcode,3132CR,addr
2773639231,housenumber,261,addr
2773639678,source,BAG,regular
2773639678,city,Vlaardingen,addr
2773639678,street,Vossiusstraat,addr
2773639678,date,2014-10-30,source
2773639678,postcode,3132GT,addr
2773639678,housenumber,270,addr
2773640051,source,BAG,regular
2773640051,city,Vlaardingen,addr
2773640051,street,Doctor Brugsmastraat,addr
2773640051,date,2014-10-30,source
2773640051,postcode,3132NA,addr
2773640051,housenumber,28,addr
2773640491,source,BAG,regular
2773640491,city,Vlaardingen,addr
2773640491,street,Doctor Brugsmastraat,addr
2773640491,date,2014-10-30,source
2773640491,postcode,3132NA,addr
2773640491,housenumber,29,addr
2773640661,source,BAG,regular
2773640661,city,Vlaardingen,addr
2773640661,street,Johannes Poststraat,addr
2773640661,date,2014-10-30,source
2773640661,postcode,3132AG,addr
2773640661,housenumber,3,addr
2773640965,source,BAG,regular
2773640965,city,Vlaardingen,addr
2773640965,street,Professor Rutgersstraat,addr
2773640965,date,2014-10-30,source
2773640965,postcode,3132BN,addr
2773640965,housenumber,305,addr
2773641205,source,BAG,regular
2773641205,city,Vlaardingen,addr
2773641205,street,Professor Rutgersstraat,addr
2773641205,date,2014-10-30,source
2773641205,postcode,3132NR,addr
2773641205,housenumber,314,addr
2773641516,source,BAG,regular
2773641516,city,Vlaardingen,addr
2773641516,street,Marnixlaan,addr
2773641516,date,2014-10-30,source
2773641516,postcode,3132PM,addr
2773641516,housenumber,325,addr
2773641769,source,BAG,regular
2773641769,city,Vlaardingen,addr
2773641769,street,Professor Rutgersstraat,addr
2773641769,date,2014-10-30,source
2773641769,postcode,3132NR,addr
2773641769,housenumber,336,addr
2773642187,source,BAG,regular
2773642187,city,Vlaardingen,addr
2773642187,street,Doctor Wiardi Beckmansingel,addr
2773642187,date,2014-10-30,source
2773642187,postcode,3132CT,addr
2773642187,housenumber,347,addr
2773642416,source,BAG,regular
2773642416,city,Vlaardingen,addr
2773642416,street,Doctor Wiardi Beckmansingel,addr
2773642416,date,2014-10-30,source
2773642416,postcode,3132CT,addr
2773642416,housenumber,359,addr
2773642749,source,BAG,regular
2773642749,city,Vlaardingen,addr
2773642749,street,Johannes Poststraat,addr
2773642749,date,2014-10-30,source
2773642749,postcode,3132AG,addr
2773642749,housenumber,37,addr
2773642900,source,BAG,regular
2773642900,city,Vlaardingen,addr
2773642900,street,Melis Stokelaan,addr
2773642900,date,2014-10-30,source
2773642900,postcode,3132EN,addr
2773642900,housenumber,38,addr
2773643401,source,BAG,regular
2773643401,city,Vlaardingen,addr
2773643401,street,Marnixlaan,addr
2773643401,date,2014-10-30,source
2773643401,postcode,3132PM,addr
2773643401,housenumber,391,addr
2773643618,source,BAG,regular
2773643618,city,Vlaardingen,addr
2773643618,street,Professor Mekelstraat,addr
2773643618,date,2014-10-30,source
2773643618,postcode,3132BD,addr
2773643618,housenumber,40,addr
2773643991,source,BAG,regular
2773643991,city,Vlaardingen,addr
2773643991,street,Roemer Visscherstraat,addr
2773643991,date,2014-10-30,source
2773643991,postcode,3132EZ,addr
2773643991,housenumber,416,addr
2773644250,source,BAG,regular
2773644250,city,Vlaardingen,addr
2773644250,street,Samuel Esmeijerstraat,addr
2773644250,date,2014-10-30,source
2773644250,postcode,3132AK,addr
2773644250,housenumber,43,addr
2773644583,source,BAG,regular
2773644583,city,Vlaardingen,addr
2773644583,street,Vossiusstraat,addr
2773644583,date,2014-10-30,source
2773644583,postcode,3132GL,addr
2773644583,housenumber,45,addr
2773644790,source,BAG,regular
2773644790,city,Vlaardingen,addr
2773644790,street,Marnixlaan,addr
2773644790,date,2014-10-30,source
2773644790,postcode,3132PM,addr
2773644790,housenumber,473,addr
2773645154,source,BAG,regular
2773645154,city,Vlaardingen,addr
2773645154,street,Coornhertstraat,addr
2773645154,date,2014-10-30,source
2773645154,postcode,3132GA,addr
2773645154,housenumber,5,addr
2773645482,source,BAG,regular
2773645482,city,Vlaardingen,addr
2773645482,street,Doctor Brugsmastraat,addr
2773645482,date,2014-10-30,source
2773645482,postcode,3132NA,addr
2773645482,housenumber,51,addr
2773645804,source,BAG,regular
2773645804,city,Vlaardingen,addr
2773645804,street,Arij Koplaan,addr
2773645804,date,2014-10-30,source
2773645804,postcode,3132AA,addr
2773645804,housenumber,55,addr
2773646004,source,BAG,regular
2773646004,city,Vlaardingen,addr
2773646004,street,Vossiusstraat,addr
2773646004,date,2014-10-30,source
2773646004,postcode,3132GL,addr
2773646004,housenumber,57,addr
2773646286,source,BAG,regular
2773646286,city,Vlaardingen,addr
2773646286,street,Jan de Rooijstraat,addr
2773646286,date,2014-10-30,source
2773646286,postcode,3132BA,addr
2773646286,housenumber,6,addr
2773646556,source,BAG,regular
2773646556,city,Vlaardingen,addr
2773646556,street,van Baerlestraat,addr
2773646556,date,2014-10-30,source
2773646556,postcode,3132EG,addr
2773646556,housenumber,62,addr
2773647106,source,BAG,regular
2773647106,city,Vlaardingen,addr
2773647106,street,Thomas à Kempisstraat,addr
2773647106,date,2014-10-30,source
2773647106,postcode,3132CJ,addr
2773647106,housenumber,66,addr
2773647608,source,BAG,regular
2773647608,city,Vlaardingen,addr
2773647608,street,Geert Grootelaan,addr
2773647608,date,2014-10-30,source
2773647608,postcode,3132CA,addr
2773647608,housenumber,7,addr
2773648083,source,BAG,regular
2773648083,city,Vlaardingen,addr
2773648083,street,Thomas à Kempisstraat,addr
2773648083,date,2014-10-30,source
2773648083,postcode,3132CJ,addr
2773648083,housenumber,72,addr
2773648382,source,BAG,regular
2773648382,city,Vlaardingen,addr
2773648382,street,Meester Verschuurstraat,addr
2773648382,date,2014-10-30,source
2773648382,postcode,3132NV,addr
2773648382,housenumber,76,addr
2773648733,source,BAG,regular
2773648733,city,Vlaardingen,addr
2773648733,street,Johannes Muldersstraat,addr
2773648733,date,2014-10-30,source
2773648733,postcode,3132NJ,addr
2773648733,housenumber,8,addr
2773649183,source,BAG,regular
2773649183,city,Vlaardingen,addr
2773649183,street,Professor Teldersstraat,addr
2773649183,date,2014-10-30,source
2773649183,postcode,3132AT,addr
2773649183,housenumber,83,addr
2773649657,source,BAG,regular
2773649657,city,Vlaardingen,addr
2773649657,street,Samuel Esmeijerstraat,addr
2773649657,date,2014-10-30,source
2773649657,postcode,3132AL,addr
2773649657,housenumber,87,addr
2773649906,source,BAG,regular
2773649906,city,Vlaardingen,addr
2773649906,street,Samuel Esmeijerstraat,addr
2773649906,date,2014-10-30,source
2773649906,postcode,3132AK,addr
2773649906,housenumber,9,addr
2773650107,source,BAG,regular
2773650107,city,Vlaardingen,addr
2773650107,street,Datheenstraat,addr
2773650107,date,2014-10-30,source
2773650107,postcode,3132PJ,addr
2773650107,housenumber,94,addr
2773650238,source,BAG,regular
2773650238,city,Vlaardingen,addr
2773650238,street,Geert Grootelaan,addr
2773650238,date,2014-10-30,source
2773650238,postcode,3132CB,addr
2773650238,housenumber,99,addr
2778329807,source,BAG,regular
2778329807,city,Vlaardingen,addr
2778329807,street,Edisonstraat,addr
2778329807,date,2014-10-30,source
2778329807,postcode,3133KG,addr
2778329807,housenumber,11,addr
2778330042,source,BAG,regular
2778330042,city,Vlaardingen,addr
2778330042,street,George Stephensonweg,addr
2778330042,date,2014-10-30,source
2778330042,postcode,3133KJ,addr
2778330042,housenumber,25,addr
2778330251,source,BAG,regular
2778330251,city,Vlaardingen,addr
2778330251,street,Ampèrestraat,addr
2778330251,date,2014-10-30,source
2778330251,postcode,3133KD,addr
2778330251,housenumber,4,addr
2778330332,source,BAG,regular
2778330332,city,Vlaardingen,addr
2778330332,street,James Wattweg,addr
2778330332,date,2014-10-30,source
2778330332,postcode,3133KK,addr
2778330332,housenumber,80,addr
2778397811,source,BAG,regular
2778397811,city,Vlaardingen,addr
2778397811,street,Koningin Wilhelminahaven Zuidzijde,addr
2778397811,date,2014-10-30,source
2778397811,postcode,3134KG,addr
2778397811,housenumber,13A,addr
2778398527,source,BAG,regular
2778398527,city,Vlaardingen,addr
2778398527,street,Waterleidingstraat,addr
2778398527,date,2014-10-30,source
2778398527,postcode,3134KC,addr
2778398527,housenumber,3,addr
2778398882,source,BAG,regular
2778398882,city,Vlaardingen,addr
2778398882,street,Schiedamsedijk,addr
2778398882,date,2014-10-30,source
2778398882,postcode,3134KK,addr
2778398882,housenumber,42A,addr
2778399361,source,BAG,regular
2778399361,city,Vlaardingen,addr
2778399361,street,Galgkade,addr
2778399361,date,2014-10-30,source
2778399361,postcode,3133KN,addr
2778399361,housenumber,8,addr
2778466743,source,BAG,regular
2778466743,city,Vlaardingen,addr
2778466743,street,Sumatrastraat,addr
2778466743,date,2014-10-30,source
2778466743,postcode,3131XK,addr
2778466743,housenumber,10,addr
2778466984,source,BAG,regular
2778466984,city,Vlaardingen,addr
2778466984,street,Madoerastraat,addr
2778466984,date,2014-10-30,source
2778466984,postcode,3131ZJ,addr
2778466984,housenumber,105,addr
2778467390,source,BAG,regular
2778467390,city,Vlaardingen,addr
2778467390,street,Menadostraat,addr
2778467390,date,2014-10-30,source
2778467390,postcode,3131JK,addr
2778467390,housenumber,11,addr
2778467623,source,BAG,regular
2778467623,city,Vlaardingen,addr
2778467623,street,Billitonlaan,addr
2778467623,date,2014-10-30,source
2778467623,postcode,3131LJ,addr
2778467623,housenumber,115B,addr
2778467954,source,BAG,regular
2778467954,city,Vlaardingen,addr
2778467954,street,Timorstraat,addr
2778467954,date,2014-10-30,source
2778467954,postcode,3131LX,addr
2778467954,housenumber,12,addr
2778468174,source,BAG,regular
2778468174,city,Vlaardingen,addr
2778468174,street,Madoerastraat,addr
2778468174,date,2014-10-30,source
2778468174,postcode,3131ZM,addr
2778468174,housenumber,128,addr
2778468458,source,BAG,regular
2778468458,city,Vlaardingen,addr
2778468458,street,Floreslaan,addr
2778468458,date,2014-10-30,source
2778468458,postcode,3131NE,addr
2778468458,housenumber,134,addr
2778468535,source,BAG,regular
2778468535,city,Vlaardingen,addr
2778468535,street,van Heutszpark,addr
2778468535,date,2014-10-30,source
2778468535,postcode,3131NG,addr
2778468535,housenumber,14,addr
2778468619,source,BAG,regular
2778468619,city,Vlaardingen,addr
2778468619,street,Sumatrastraat,addr
2778468619,date,2014-10-30,source
2778468619,postcode,3131XK,addr
2778468619,housenumber,15,addr
2778468710,source,BAG,regular
2778468710,city,Vlaardingen,addr
2778468710,street,van Heutszpark,addr
2778468710,date,2014-10-30,source
2778468710,postcode,3131NG,addr
2778468710,housenumber,16,addr
2778468868,source,BAG,regular
2778468868,city,Vlaardingen,addr
2778468868,street,van Heutszpark,addr
2778468868,date,2014-10-30,source
2778468868,postcode,3131NG,addr
2778468868,housenumber,17,addr
2778468939,source,BAG,regular
2778468939,city,Vlaardingen,addr
2778468939,street,Billitonflat,addr
2778468939,date,2014-10-30,source
2778468939,postcode,3131LD,addr
2778468939,housenumber,183,addr
2778469033,source,BAG,regular
2778469033,city,Vlaardingen,addr
2778469033,street,3e Industriestraat,addr
2778469033,date,2014-10-30,source
2778469033,postcode,3133EJ,addr
2778469033,housenumber,19D,addr
2778469103,source,BAG,regular
2778469103,city,Vlaardingen,addr
2778469103,street,Ambonlaan,addr
2778469103,date,2014-10-30,source
2778469103,postcode,3131ZA,addr
2778469103,housenumber,20,addr
2778469185,source,BAG,regular
2778469185,city,Vlaardingen,addr
2778469185,street,3e Industriestraat,addr
2778469185,date,2014-10-30,source
2778469185,postcode,3133EJ,addr
2778469185,housenumber,20t,addr
2778469380,source,BAG,regular
2778469380,city,Vlaardingen,addr
2778469380,street,Mercuriusstraat,addr
2778469380,date,2014-10-30,source
2778469380,postcode,3133EN,addr
2778469380,housenumber,22,addr
2778469477,source,BAG,regular
2778469477,city,Vlaardingen,addr
2778469477,street,Curaçaolaan,addr
2778469477,date,2014-10-30,source
2778469477,postcode,3131XC,addr
2778469477,housenumber,23G,addr
2778469548,source,BAG,regular
2778469548,city,Vlaardingen,addr
2778469548,street,Surinamesingel,addr
2778469548,date,2014-10-30,source
2778469548,postcode,3131XL,addr
2778469548,housenumber,25,addr
2778469674,source,BAG,regular
2778469674,city,Vlaardingen,addr
2778469674,street,Westlandseweg,addr
2778469674,date,2014-10-30,source
2778469674,postcode,3131HX,addr
2778469674,housenumber,262,addr
2778469746,source,BAG,regular
2778469746,city,Vlaardingen,addr
2778469746,street,Hoogstad,addr
2778469746,date,2014-10-30,source
2778469746,postcode,3131KX,addr
2778469746,housenumber,281,addr
2778469856,source,BAG,regular
2778469856,city,Vlaardingen,addr
2778469856,street,Soendalaan,addr
2778469856,date,2014-10-30,source
2778469856,postcode,3131LV,addr
2778469856,housenumber,2Z-237,addr
2778469928,source,BAG,regular
2778469928,city,Vlaardingen,addr
2778469928,street,Engelsche Boomgaert,addr
2778469928,date,2014-10-30,source
2778469928,postcode,3131NN,addr
2778469928,housenumber,3,addr
2778470013,source,BAG,regular
2778470013,city,Vlaardingen,addr
2778470013,street,Menadostraat,addr
2778470013,date,2014-10-30,source
2778470013,postcode,3131JK,addr
2778470013,housenumber,31,addr
2778470088,source,BAG,regular
2778470088,city,Vlaardingen,addr
2778470088,street,van Heutszpark,addr
2778470088,date,2014-10-30,source
2778470088,postcode,3131NH,addr
2778470088,housenumber,33,addr
2778470182,source,BAG,regular
2778470182,city,Vlaardingen,addr
2778470182,street,Jonkvrouw van Naaldwijklaan,addr
2778470182,date,2014-10-30,source
2778470182,postcode,3131NP,addr
2778470182,housenumber,36,addr
2778470255,source,BAG,regular
2778470255,city,Vlaardingen,addr
2778470255,street,Soendalaan,addr
2778470255,date,2014-10-30,source
2778470255,postcode,3131LV,addr
2778470255,housenumber,38,addr
2778470474,source,BAG,regular
2778470474,city,Vlaardingen,addr
2778470474,street,Madoerastraat,addr
2778470474,date,2014-10-30,source
2778470474,postcode,3131ZK,addr
2778470474,housenumber,4,addr
2778470572,source,BAG,regular
2778470572,city,Vlaardingen,addr
2778470572,street,Curaçaolaan,addr
2778470572,date,2014-10-30,source
2778470572,postcode,3131XC,addr
2778470572,housenumber,41G,addr
2778470755,source,BAG,regular
2778470755,city,Vlaardingen,addr
2778470755,street,Mercuriusstraat,addr
2778470755,date,2014-10-30,source
2778470755,postcode,3133EN,addr
2778470755,housenumber,44,addr
2778470827,source,BAG,regular
2778470827,city,Vlaardingen,addr
2778470827,street,Curaçaolaan,addr
2778470827,date,2014-10-30,source
2778470827,postcode,3131XD,addr
2778470827,housenumber,46G,addr
2778470915,source,BAG,regular
2778470915,city,Vlaardingen,addr
2778470915,street,Riouwlaan,addr
2778470915,date,2014-10-30,source
2778470915,postcode,3131NK,addr
2778470915,housenumber,49,addr
2778470987,source,BAG,regular
2778470987,city,Vlaardingen,addr
2778470987,street,Floreslaan,addr
2778470987,date,2014-10-30,source
2778470987,postcode,3131NB,addr
2778470987,housenumber,50B,addr
2778471083,source,BAG,regular
2778471083,city,Vlaardingen,addr
2778471083,street,Burgemeester Pruissingel,addr
2778471083,date,2014-10-30,source
2778471083,postcode,3131JN,addr
2778471083,housenumber,53,addr
2778471174,source,BAG,regular
2778471174,city,Vlaardingen,addr
2778471174,street,Insulindesingel,addr
2778471174,date,2014-10-30,source
2778471174,postcode,3131LR,addr
2778471174,housenumber,56A,addr
2778471254,source,BAG,regular
2778471254,city,Vlaardingen,addr
2778471254,street,Curaçaolaan,addr
2778471254,date,2014-10-30,source
2778471254,postcode,3131XC,addr
2778471254,housenumber,6,addr
2778471324,source,BAG,regular
2778471324,city,Vlaardingen,addr
2778471324,street,Insulindesingel,addr
2778471324,date,2014-10-30,source
2778471324,postcode,3131LR,addr
2778471324,housenumber,62A,addr
2778471405,source,BAG,regular
2778471405,city,Vlaardingen,addr
2778471405,street,Bangkasingel,addr
2778471405,date,2014-10-30,source
2778471405,postcode,3131ZB,addr
2778471405,housenumber,67,addr
2778471511,source,BAG,regular
2778471511,city,Vlaardingen,addr
2778471511,street,Nettenboetsterstraat,addr
2778471511,date,2014-10-30,source
2778471511,postcode,3133EP,addr
2778471511,housenumber,7,addr
2778471639,source,BAG,regular
2778471639,city,Vlaardingen,addr
2778471639,street,Marathonweg,addr
2778471639,date,2014-10-30,source
2778471639,postcode,3132LA,addr
2778471639,housenumber,73E,addr
2778471822,source,BAG,regular
2778471822,city,Vlaardingen,addr
2778471822,street,Surinamesingel,addr
2778471822,date,2014-10-30,source
2778471822,postcode,3131XL,addr
2778471822,housenumber,79,addr
2778471901,source,BAG,regular
2778471901,city,Vlaardingen,addr
2778471901,street,Insulindestraat,addr
2778471901,date,2014-10-30,source
2778471901,postcode,3131ZD,addr
2778471901,housenumber,83,addr
2778471972,source,BAG,regular
2778471972,city,Vlaardingen,addr
2778471972,street,Soendalaan,addr
2778471972,date,2014-10-30,source
2778471972,postcode,3131LT,addr
2778471972,housenumber,89,addr
2778472161,source,BAG,regular
2778472161,city,Vlaardingen,addr
2778472161,street,Billitonlaan,addr
2778472161,date,2014-10-30,source
2778472161,postcode,3131LG,addr
2778472161,housenumber,91B,addr
2778472217,source,BAG,regular
2778472217,city,Vlaardingen,addr
2778472217,street,Soendalaan,addr
2778472217,date,2014-10-30,source
2778472217,postcode,3131LT,addr
2778472217,housenumber,97,addr
2780044487,source,BAG,regular
2780044487,city,Vlaardingen,addr
2780044487,street,Nicolaas Beetsstraat,addr
2780044487,date,2014-10-30,source
2780044487,postcode,3131GP,addr
2780044487,housenumber,1,addr
2780044676,source,BAG,regular
2780044676,city,Vlaardingen,addr
2780044676,street,Dijksteeg,addr
2780044676,date,2014-10-30,source
2780044676,postcode,3131VC,addr
2780044676,housenumber,10,addr
2780045084,source,BAG,regular
2780045084,city,Vlaardingen,addr
2780045084,street,Visbankflat,addr
2780045084,date,2014-10-30,source
2780045084,postcode,3131BW,addr
2780045084,housenumber,10,addr
2780045352,source,BAG,regular
2780045352,city,Vlaardingen,addr
2780045352,street,Valeriusstraat,addr
2780045352,date,2014-10-30,source
2780045352,postcode,3131TJ,addr
2780045352,housenumber,101,addr
2780045803,source,BAG,regular
2780045803,city,Vlaardingen,addr
2780045803,street,van Beethovensingel,addr
2780045803,date,2014-10-30,source
2780045803,postcode,3131EE,addr
2780045803,housenumber,103C,addr
2780046261,source,BAG,regular
2780046261,city,Vlaardingen,addr
2780046261,street,Pieter Karel Drossaartstraat,addr
2780046261,date,2014-10-30,source
2780046261,postcode,3131PG,addr
2780046261,housenumber,106,addr
2780047053,source,BAG,regular
2780047053,city,Vlaardingen,addr
2780047053,street,Valeriusstraat,addr
2780047053,date,2014-10-30,source
2780047053,postcode,3131TM,addr
2780047053,housenumber,108,addr
2780047647,source,BAG,regular
2780047647,city,Vlaardingen,addr
2780047647,street,Markgraaflaan,addr
2780047647,date,2014-10-30,source
2780047647,postcode,3131VM,addr
2780047647,housenumber,10D,addr
2780048384,source,BAG,regular
2780048384,city,Vlaardingen,addr
2780048384,street,Richard Holstraat,addr
2780048384,date,2014-10-30,source
2780048384,postcode,3131EM,addr
2780048384,housenumber,11,addr
2780048912,source,BAG,regular
2780048912,city,Vlaardingen,addr
2780048912,street,Vaartweg,addr
2780048912,date,2014-10-30,source
2780048912,postcode,3131HW,addr
2780048912,housenumber,110D,addr
2780049476,source,BAG,regular
2780049476,city,Vlaardingen,addr
2780049476,street,Waalstraat,addr
2780049476,date,2014-10-30,source
2780049476,postcode,3131CS,addr
2780049476,housenumber,113,addr
2780049968,source,BAG,regular
2780049968,city,Vlaardingen,addr
2780049968,street,Veerplein,addr
2780049968,date,2014-10-30,source
2780049968,postcode,3131CN,addr
2780049968,housenumber,116,addr
2780050629,source,BAG,regular
2780050629,city,Vlaardingen,addr
2780050629,street,Burgemeester Pruissingel,addr
2780050629,date,2014-10-30,source
2780050629,postcode,3131JT,addr
2780050629,housenumber,118C,addr
2780051245,source,BAG,regular
2780051245,city,Vlaardingen,addr
2780051245,street,Groeneweg,addr
2780051245,date,2014-10-30,source
2780051245,postcode,3131VE,addr
2780051245,housenumber,12,addr
2780051974,source,BAG,regular
2780051974,city,Vlaardingen,addr
2780051974,street,Weteringstraat,addr
2780051974,date,2014-10-30,source
2780051974,postcode,3131VZ,addr
2780051974,housenumber,12,addr
2780052521,source,BAG,regular
2780052521,city,Vlaardingen,addr
2780052521,street,Vaartweg,addr
2780052521,date,2014-10-30,source
2780052521,postcode,3131HW,addr
2780052521,housenumber,122A,addr
2780053149,source,BAG,regular
2780053149,city,Vlaardingen,addr
2780053149,street,Liesveld,addr
2780053149,date,2014-10-30,source
2780053149,postcode,3131CM,addr
2780053149,housenumber,126,addr
2780053345,source,BAG,regular
2780053345,city,Vlaardingen,addr
2780053345,street,Fransenstraat,addr
2780053345,date,2014-10-30,source
2780053345,postcode,3131CC,addr
2780053345,housenumber,12A,addr
2780053532,source,BAG,regular
2780053532,city,Vlaardingen,addr
2780053532,street,Kwakelsteeg,addr
2780053532,date,2014-10-30,source
2780053532,postcode,3131BN,addr
2780053532,housenumber,13,addr
2780053695,source,BAG,regular
2780053695,city,Vlaardingen,addr
2780053695,street,Groen van Prinstererstraat,addr
2780053695,date,2014-10-30,source
2780053695,postcode,3131GJ,addr
2780053695,housenumber,130,addr
2780053986,source,BAG,regular
2780053986,city,Vlaardingen,addr
2780053986,street,Burgemeester Pruissingel,addr
2780053986,date,2014-10-30,source
2780053986,postcode,3131JV,addr
2780053986,housenumber,132C,addr
2780054262,source,BAG,regular
2780054262,city,Vlaardingen,addr
2780054262,street,Markgraaflaan,addr
2780054262,date,2014-10-30,source
2780054262,postcode,3131VL,addr
2780054262,housenumber,135A,addr
2780054457,source,BAG,regular
2780054457,city,Vlaardingen,addr
2780054457,street,Delftseveerweg,addr
2780054457,date,2014-10-30,source
2780054457,postcode,3134JD,addr
2780054457,housenumber,13A,addr
2780054627,source,BAG,regular
2780054627,city,Vlaardingen,addr
2780054627,street,Jan Steenstraat,addr
2780054627,date,2014-10-30,source
2780054627,postcode,3131HL,addr
2780054627,housenumber,14,addr
2780054824,source,BAG,regular
2780054824,city,Vlaardingen,addr
2780054824,street,Maassluissedijk,addr
2780054824,date,2014-10-30,source
2780054824,postcode,3131KB,addr
2780054824,housenumber,140A,addr
2780055058,source,BAG,regular
2780055058,city,Vlaardingen,addr
2780055058,street,Prins Hendrikstraat,addr
2780055058,date,2014-10-30,source
2780055058,postcode,3131PN,addr
2780055058,housenumber,144,addr
2780055171,source,BAG,regular
2780055171,city,Vlaardingen,addr
2780055171,street,van Beethovensingel,addr
2780055171,date,2014-10-30,source
2780055171,postcode,3131EH,addr
2780055171,housenumber,147C,addr
2780055523,source,BAG,regular
2780055523,city,Vlaardingen,addr
2780055523,street,Mendelssohnplein,addr
2780055523,date,2014-10-30,source
2780055523,postcode,3131RD,addr
2780055523,housenumber,14D,addr
2780055759,source,BAG,regular
2780055759,city,Vlaardingen,addr
2780055759,street,Rijkestraat,addr
2780055759,date,2014-10-30,source
2780055759,postcode,3131CV,addr
2780055759,housenumber,15,addr
2780055941,source,BAG,regular
2780055941,city,Vlaardingen,addr
2780055941,street,Sweelinckstraat,addr
2780055941,date,2014-10-30,source
2780055941,postcode,3131ST,addr
2780055941,housenumber,152,addr
2780056294,source,BAG,regular
2780056294,city,Vlaardingen,addr
2780056294,street,Pieter Karel Drossaartstraat,addr
2780056294,date,2014-10-30,source
2780056294,postcode,3131PH,addr
2780056294,housenumber,156,addr
2780056706,source,BAG,regular
2780056706,city,Vlaardingen,addr
2780056706,street,Korte Hoogstraat,addr
2780056706,date,2014-10-30,source
2780056706,postcode,3131BH,addr
2780056706,housenumber,15B,addr
2780056999,source,BAG,regular
2780056999,city,Vlaardingen,addr
2780056999,street,Orelioplantsoen,addr
2780056999,date,2014-10-30,source
2780056999,postcode,3131SJ,addr
2780056999,housenumber,16,addr
2780057251,source,BAG,regular
2780057251,city,Vlaardingen,addr
2780057251,street,van Beethovensingel,addr
2780057251,date,2014-10-30,source
2780057251,postcode,3131EH,addr
2780057251,housenumber,161B,addr
2780057423,source,BAG,regular
2780057423,city,Vlaardingen,addr
2780057423,street,van Beethovensingel,addr
2780057423,date,2014-10-30,source
2780057423,postcode,3131EJ,addr
2780057423,housenumber,167A,addr
2780057633,source,BAG,regular
2780057633,city,Vlaardingen,addr
2780057633,street,Doctor Schaepmanstraat,addr
2780057633,date,2014-10-30,source
2780057633,postcode,3131HN,addr
2780057633,housenumber,16D,addr
2780057813,source,BAG,regular
2780057813,city,Vlaardingen,addr
2780057813,street,Struyckstraat,addr
2780057813,date,2014-10-30,source
2780057813,postcode,3131MC,addr
2780057813,housenumber,17,addr
2780058108,source,BAG,regular
2780058108,city,Vlaardingen,addr
2780058108,street,Verheijstraat,addr
2780058108,date,2014-10-30,source
2780058108,postcode,3131DS,addr
2780058108,housenumber,175,addr
2780058421,source,BAG,regular
2780058421,city,Vlaardingen,addr
2780058421,street,Burgemeester Pruissingel,addr
2780058421,date,2014-10-30,source
2780058421,postcode,3131JP,addr
2780058421,housenumber,18,addr
2780058823,source,BAG,regular
2780058823,city,Vlaardingen,addr
2780058823,street,Vondelstraat,addr
2780058823,date,2014-10-30,source
2780058823,postcode,3131WV,addr
2780058823,housenumber,18,addr
2780059276,source,BAG,regular
2780059276,city,Vlaardingen,addr
2780059276,street,Wagnerstraat,addr
2780059276,date,2014-10-30,source
2780059276,postcode,3131RV,addr
2780059276,housenumber,18A,addr
2780059695,source,BAG,regular
2780059695,city,Vlaardingen,addr
2780059695,street,Nieuwlandstraat,addr
2780059695,date,2014-10-30,source
2780059695,postcode,3131VS,addr
2780059695,housenumber,19,addr
2780059889,source,BAG,regular
2780059889,city,Vlaardingen,addr
2780059889,street,Stationsstraat,addr
2780059889,date,2014-10-30,source
2780059889,postcode,3131PW,addr
2780059889,housenumber,196,addr
2780060112,source,BAG,regular
2780060112,city,Vlaardingen,addr
2780060112,street,Potgieterstraat,addr
2780060112,date,2014-10-30,source
2780060112,postcode,3131GT,addr
2780060112,housenumber,1A,addr
2780060262,source,BAG,regular
2780060262,city,Vlaardingen,addr
2780060262,street,Da Costastraat,addr
2780060262,date,2014-10-30,source
2780060262,postcode,3131GC,addr
2780060262,housenumber,2,addr
2780060481,source,BAG,regular
2780060481,city,Vlaardingen,addr
2780060481,street,Tollensstraat,addr
2780060481,date,2014-10-30,source
2780060481,postcode,3131GZ,addr
2780060481,housenumber,2,addr
2780060632,source,BAG,regular
2780060632,city,Vlaardingen,addr
2780060632,street,Markt,addr
2780060632,date,2014-10-30,source
2780060632,postcode,3131CR,addr
2780060632,housenumber,20,addr
2780060819,source,BAG,regular
2780060819,city,Vlaardingen,addr
2780060819,street,Hoogstraat,addr
2780060819,date,2014-10-30,source
2780060819,postcode,3131BB,addr
2780060819,housenumber,203a,addr
2780060959,source,BAG,regular
2780060959,city,Vlaardingen,addr
2780060959,street,Baljuwstraat,addr
2780060959,date,2014-10-30,source
2780060959,postcode,3131VA,addr
2780060959,housenumber,21,addr
2780061055,source,BAG,regular
2780061055,city,Vlaardingen,addr
2780061055,street,Twee Vriendenstraat,addr
2780061055,date,2014-10-30,source
2780061055,postcode,3131ME,addr
2780061055,housenumber,21,addr
2780061122,source,BAG,regular
2780061122,city,Vlaardingen,addr
2780061122,street,Delftseveerweg,addr
2780061122,date,2014-10-30,source
2780061122,postcode,3134JD,addr
2780061122,housenumber,21A,addr
2780061187,source,BAG,regular
2780061187,city,Vlaardingen,addr
2780061187,street,Jozef Israëlsstraat,addr
2780061187,date,2014-10-30,source
2780061187,postcode,3131GL,addr
2780061187,housenumber,22,addr
2780061287,source,BAG,regular
2780061287,city,Vlaardingen,addr
2780061287,street,Liesveldviaduct,addr
2780061287,date,2014-10-30,source
2780061287,postcode,3131CN,addr
2780061287,housenumber,223,addr
2780061353,source,BAG,regular
2780061353,city,Vlaardingen,addr
2780061353,street,Gedempte Biersloot,addr
2780061353,date,2014-10-30,source
2780061353,postcode,3131HK,addr
2780061353,housenumber,22b,addr
2780061474,source,BAG,regular
2780061474,city,Vlaardingen,addr
2780061474,street,Sweelinckstraat,addr
2780061474,date,2014-10-30,source
2780061474,postcode,3131SK,addr
2780061474,housenumber,23,addr
2780061637,source,BAG,regular
2780061637,city,Vlaardingen,addr
2780061637,street,Mendelssohnplein,addr
2780061637,date,2014-10-30,source
2780061637,postcode,3131RG,addr
2780061637,housenumber,23C,addr
2780061722,source,BAG,regular
2780061722,city,Vlaardingen,addr
2780061722,street,Sclaavenburch,addr
2780061722,date,2014-10-30,source
2780061722,postcode,3131MA,addr
2780061722,housenumber,24,addr
2780061791,source,BAG,regular
2780061791,city,Vlaardingen,addr
2780061791,street,Baanstraat,addr
2780061791,date,2014-10-30,source
2780061791,postcode,3131CA,addr
2780061791,housenumber,25,addr
2780061853,source,BAG,regular
2780061853,city,Vlaardingen,addr
2780061853,street,Thorbeckestraat,addr
2780061853,date,2014-10-30,source
2780061853,postcode,3131HP,addr
2780061853,housenumber,25,addr
2780061995,source,BAG,regular
2780061995,city,Vlaardingen,addr
2780061995,street,Bachstraat,addr
2780061995,date,2014-10-30,source
2780061995,postcode,3131SB,addr
2780061995,housenumber,26,addr
2780062074,source,BAG,regular
2780062074,city,Vlaardingen,addr
2780062074,street,Vettenoordstraat,addr
2780062074,date,2014-10-30,source
2780062074,postcode,3131TR,addr
2780062074,housenumber,26,addr
2780062159,source,BAG,regular
2780062159,city,Vlaardingen,addr
2780062159,street,Jozef Israëlsstraat,addr
2780062159,date,2014-10-30,source
2780062159,postcode,3131GK,addr
2780062159,housenumber,27,addr
2780062229,source,BAG,regular
2780062229,city,Vlaardingen,addr
2780062229,street,Havenstraat,addr
2780062229,date,2014-10-30,source
2780062229,postcode,3131BD,addr
2780062229,housenumber,27B,addr
2780062305,source,BAG,regular
2780062305,city,Vlaardingen,addr
2780062305,street,Meester Troelstrastraat,addr
2780062305,date,2014-10-30,source
2780062305,postcode,3131HS,addr
2780062305,housenumber,28,addr
2780062377,source,BAG,regular
2780062377,city,Vlaardingen,addr
2780062377,street,Da Costastraat,addr
2780062377,date,2014-10-30,source
2780062377,postcode,3131GC,addr
2780062377,housenumber,29,addr
2780062485,source,BAG,regular
2780062485,city,Vlaardingen,addr
2780062485,street,van Beethovensingel,addr
2780062485,date,2014-10-30,source
2780062485,postcode,3131EA,addr
2780062485,housenumber,29,addr
2780062571,source,BAG,regular
2780062571,city,Vlaardingen,addr
2780062571,street,Doctor Schaepmanstraat,addr
2780062571,date,2014-10-30,source
2780062571,postcode,3131HN,addr
2780062571,housenumber,2B,addr
2780062789,source,BAG,regular
2780062789,city,Vlaardingen,addr
2780062789,street,Marisstraat,addr
2780062789,date,2014-10-30,source
2780062789,postcode,3131GM,addr
2780062789,housenumber,3,addr
2780062870,source,BAG,regular
2780062870,city,Vlaardingen,addr
2780062870,street,Burgemeester Pruissingel,addr
2780062870,date,2014-10-30,source
2780062870,postcode,3131JP,addr
2780062870,housenumber,30,addr
2780062936,source,BAG,regular
2780062936,city,Vlaardingen,addr
2780062936,street,Gedempte Biersloot,addr
2780062936,date,2014-10-30,source
2780062936,postcode,3131HK,addr
2780062936,housenumber,30A,addr
2780062997,source,BAG,regular
2780062997,city,Vlaardingen,addr
2780062997,street,Rembrandtstraat,addr
2780062997,date,2014-10-30,source
2780062997,postcode,3131HM,addr
2780062997,housenumber,31,addr
2780063063,source,BAG,regular
2780063063,city,Vlaardingen,addr
2780063063,street,Broekweg,addr
2780063063,date,2014-10-30,source
2780063063,postcode,3131HE,addr
2780063063,housenumber,32,addr
2780063175,source,BAG,regular
2780063175,city,Vlaardingen,addr
2780063175,street,Liesveldviaduct,addr
2780063175,date,2014-10-30,source
2780063175,postcode,3131CN,addr
2780063175,housenumber,323,addr
2780063274,source,BAG,regular
2780063274,city,Vlaardingen,addr
2780063274,street,Prins Hendrikstraat,addr
2780063274,date,2014-10-30,source
2780063274,postcode,3131PK,addr
2780063274,housenumber,33,addr
2780063434,source,BAG,regular
2780063434,city,Vlaardingen,addr
2780063434,street,Catsstraat,addr
2780063434,date,2014-10-30,source
2780063434,postcode,3131WE,addr
2780063434,housenumber,34,addr
2780063535,source,BAG,regular
2780063535,city,Vlaardingen,addr
2780063535,street,Mendelssohnplein,addr
2780063535,date,2014-10-30,source
2780063535,postcode,3131RJ,addr
2780063535,housenumber,34A,addr
2780063627,source,BAG,regular
2780063627,city,Vlaardingen,addr
2780063627,street,Schoutplein,addr
2780063627,date,2014-10-30,source
2780063627,postcode,3131JZ,addr
2780063627,housenumber,35,addr
2780063692,source,BAG,regular
2780063692,city,Vlaardingen,addr
2780063692,street,Huijgensstraat,addr
2780063692,date,2014-10-30,source
2780063692,postcode,3131WN,addr
2780063692,housenumber,36,addr
2780063772,source,BAG,regular
2780063772,city,Vlaardingen,addr
2780063772,street,Da Costastraat,addr
2780063772,date,2014-10-30,source
2780063772,postcode,3131GC,addr
2780063772,housenumber,37,addr
2780063899,source,BAG,regular
2780063899,city,Vlaardingen,addr
2780063899,street,Delftseveerweg,addr
2780063899,date,2014-10-30,source
2780063899,postcode,3134JG,addr
2780063899,housenumber,37B,addr
2780063963,source,BAG,regular
2780063963,city,Vlaardingen,addr
2780063963,street,Verheijstraat,addr
2780063963,date,2014-10-30,source
2780063963,postcode,3131DV,addr
2780063963,housenumber,38,addr
2780064363,source,BAG,regular
2780064363,city,Vlaardingen,addr
2780064363,street,Havenstraat,addr
2780064363,date,2014-10-30,source
2780064363,postcode,3131BD,addr
2780064363,housenumber,39D,addr
2780064548,source,BAG,regular
2780064548,city,Vlaardingen,addr
2780064548,street,Hoogstraat,addr
2780064548,date,2014-10-30,source
2780064548,postcode,3131BN,addr
2780064548,housenumber,4,addr
2780064807,source,BAG,regular
2780064807,city,Vlaardingen,addr
2780064807,street,Westhavenplaats,addr
2780064807,date,2014-10-30,source
2780064807,postcode,3131BT,addr
2780064807,housenumber,4,addr
2780064869,source,BAG,regular
2780064869,city,Vlaardingen,addr
2780064869,street,Westhavenkade,addr
2780064869,date,2014-10-30,source
2780064869,postcode,3131AE,addr
2780064869,housenumber,40,addr
2780064935,source,BAG,regular
2780064935,city,Vlaardingen,addr
2780064935,street,Rijkestraat,addr
2780064935,date,2014-10-30,source
2780064935,postcode,3131CV,addr
2780064935,housenumber,41,addr
2780064998,source,BAG,regular
2780064998,city,Vlaardingen,addr
2780064998,street,Liesveld,addr
2780064998,date,2014-10-30,source
2780064998,postcode,3131CM,addr
2780064998,housenumber,42,addr
2780065064,source,BAG,regular
2780065064,city,Vlaardingen,addr
2780065064,street,Huijgensstraat,addr
2780065064,date,2014-10-30,source
2780065064,postcode,3131WK,addr
2780065064,housenumber,43,addr
2780065128,source,BAG,regular
2780065128,city,Vlaardingen,addr
2780065128,street,Bachstraat,addr
2780065128,date,2014-10-30,source
2780065128,postcode,3131SB,addr
2780065128,housenumber,44,addr
2780065359,source,BAG,regular
2780065359,city,Vlaardingen,addr
2780065359,street,Gedempte Biersloot,addr
2780065359,date,2014-10-30,source
2780065359,postcode,3131HK,addr
2780065359,housenumber,44C,addr
2780065631,source,BAG,regular
2780065631,city,Vlaardingen,addr
2780065631,street,Richard Holstraat,addr
2780065631,date,2014-10-30,source
2780065631,postcode,3131EN,addr
2780065631,housenumber,45A,addr
2780065699,source,BAG,regular
2780065699,city,Vlaardingen,addr
2780065699,street,Vossenstraat,addr
2780065699,date,2014-10-30,source
2780065699,postcode,3131CW,addr
2780065699,housenumber,46,addr
2780065762,source,BAG,regular
2780065762,city,Vlaardingen,addr
2780065762,street,Verheijstraat,addr
2780065762,date,2014-10-30,source
2780065762,postcode,3131DP,addr
2780065762,housenumber,47,addr
2780065857,source,BAG,regular
2780065857,city,Vlaardingen,addr
2780065857,street,Prins Hendrikstraat,addr
2780065857,date,2014-10-30,source
2780065857,postcode,3131PM,addr
2780065857,housenumber,48,addr
2780065926,source,BAG,regular
2780065926,city,Vlaardingen,addr
2780065926,street,Valeriusstraat,addr
2780065926,date,2014-10-30,source
2780065926,postcode,3131TH,addr
2780065926,housenumber,49,addr
2780065988,source,BAG,regular
2780065988,city,Vlaardingen,addr
2780065988,street,Doctor Schaepmanstraat,addr
2780065988,date,2014-10-30,source
2780065988,postcode,3131HN,addr
2780065988,housenumber,4C,addr
2780066089,source,BAG,regular
2780066089,city,Vlaardingen,addr
2780066089,street,Nieuwlandstraat,addr
2780066089,date,2014-10-30,source
2780066089,postcode,3131VS,addr
2780066089,housenumber,5,addr
2780066456,source,BAG,regular
2780066456,city,Vlaardingen,addr
2780066456,street,Liesveld,addr
2780066456,date,2014-10-30,source
2780066456,postcode,3131CL,addr
2780066456,housenumber,50,addr
2780066633,source,BAG,regular
2780066633,city,Vlaardingen,addr
2780066633,street,Pieter Karel Drossaartstraat,addr
2780066633,date,2014-10-30,source
2780066633,postcode,3131PA,addr
2780066633,housenumber,51,addr
2780066774,source,BAG,regular
2780066774,city,Vlaardingen,addr
2780066774,street,Vaartweg,addr
2780066774,date,2014-10-30,source
2780066774,postcode,3131HT,addr
2780066774,housenumber,52,addr
2780066904,source,BAG,regular
2780066904,city,Vlaardingen,addr
2780066904,street,van der Driftstraat,addr
2780066904,date,2014-10-30,source
2780066904,postcode,3131JG,addr
2780066904,housenumber,53,addr
2780067167,source,BAG,regular
2780067167,city,Vlaardingen,addr
2780067167,street,Haydnstraat,addr
2780067167,date,2014-10-30,source
2780067167,postcode,3131SC,addr
2780067167,housenumber,55,addr
2780067231,source,BAG,regular
2780067231,city,Vlaardingen,addr
2780067231,street,Liesveld,addr
2780067231,date,2014-10-30,source
2780067231,postcode,3131CL,addr
2780067231,housenumber,56,addr
2780067300,source,BAG,regular
2780067300,city,Vlaardingen,addr
2780067300,street,Veerplein,addr
2780067300,date,2014-10-30,source
2780067300,postcode,3131CX,addr
2780067300,housenumber,57,addr
2780067366,source,BAG,regular
2780067366,city,Vlaardingen,addr
2780067366,street,Markgraaflaan,addr
2780067366,date,2014-10-30,source
2780067366,postcode,3131VN,addr
2780067366,housenumber,58B,addr
2780067430,source,BAG,regular
2780067430,city,Vlaardingen,addr
2780067430,street,Heemraadstraat,addr
2780067430,date,2014-10-30,source
2780067430,postcode,3131VG,addr
2780067430,housenumber,5A,addr
2780067493,source,BAG,regular
2780067493,city,Vlaardingen,addr
2780067493,street,Liesveld,addr
2780067493,date,2014-10-30,source
2780067493,postcode,3131CL,addr
2780067493,housenumber,6,addr
2780067563,source,BAG,regular
2780067563,city,Vlaardingen,addr
2780067563,street,Cronjéstraat,addr
2780067563,date,2014-10-30,source
2780067563,postcode,3131JE,addr
2780067563,housenumber,60,addr
2780067626,source,BAG,regular
2780067626,city,Vlaardingen,addr
2780067626,street,Haydnstraat,addr
2780067626,date,2014-10-30,source
2780067626,postcode,3131SC,addr
2780067626,housenumber,61,addr
2780067692,source,BAG,regular
2780067692,city,Vlaardingen,addr
2780067692,street,Kuiperstraat,addr
2780067692,date,2014-10-30,source
2780067692,postcode,3131CH,addr
2780067692,housenumber,62,addr
2780067866,source,BAG,regular
2780067866,city,Vlaardingen,addr
2780067866,street,Nicolaas Beetsstraat,addr
2780067866,date,2014-10-30,source
2780067866,postcode,3131GP,addr
2780067866,housenumber,63,addr
2780068080,source,BAG,regular
2780068080,city,Vlaardingen,addr
2780068080,street,Valeriusstraat,addr
2780068080,date,2014-10-30,source
2780068080,postcode,3131TM,addr
2780068080,housenumber,64,addr
2780068215,source,BAG,regular
2780068215,city,Vlaardingen,addr
2780068215,street,van Schravendijkplein,addr
2780068215,date,2014-10-30,source
2780068215,postcode,3131GV,addr
2780068215,housenumber,65,addr
2780068479,source,BAG,regular
2780068479,city,Vlaardingen,addr
2780068479,street,Burgemeester Pruissingel,addr
2780068479,date,2014-10-30,source
2780068479,postcode,3131JR,addr
2780068479,housenumber,66E,addr
2780068845,source,BAG,regular
2780068845,city,Vlaardingen,addr
2780068845,street,Jacob van Dijkstraat,addr
2780068845,date,2014-10-30,source
2780068845,postcode,3131MG,addr
2780068845,housenumber,68,addr
2780069256,source,BAG,regular
2780069256,city,Vlaardingen,addr
2780069256,street,Westnieuwland,addr
2780069256,date,2014-10-30,source
2780069256,postcode,3131VX,addr
2780069256,housenumber,69,addr
2780069420,source,BAG,regular
2780069420,city,Vlaardingen,addr
2780069420,street,Fransenstraat,addr
2780069420,date,2014-10-30,source
2780069420,postcode,3131CC,addr
2780069420,housenumber,6G,addr
2780069640,source,BAG,regular
2780069640,city,Vlaardingen,addr
2780069640,street,Ridderstraat,addr
2780069640,date,2014-10-30,source
2780069640,postcode,3131VH,addr
2780069640,housenumber,7,addr
2780069854,source,BAG,regular
2780069854,city,Vlaardingen,addr
2780069854,street,van Schravendijkplein,addr
2780069854,date,2014-10-30,source
2780069854,postcode,3131GX,addr
2780069854,housenumber,70,addr
2780070097,source,BAG,regular
2780070097,city,Vlaardingen,addr
2780070097,street,Jacob van Dijkstraat,addr
2780070097,date,2014-10-30,source
2780070097,postcode,3131MG,addr
2780070097,housenumber,72,addr
2780070293,source,BAG,regular
2780070293,city,Vlaardingen,addr
2780070293,street,Verheijstraat,addr
2780070293,date,2014-10-30,source
2780070293,postcode,3131DR,addr
2780070293,housenumber,73,addr
2780070498,source,BAG,regular
2780070498,city,Vlaardingen,addr
2780070498,street,Sweelinckstraat,addr
2780070498,date,2014-10-30,source
2780070498,postcode,3131SL,addr
2780070498,housenumber,75,addr
2780070695,source,BAG,regular
2780070695,city,Vlaardingen,addr
2780070695,street,Potgieterstraat,addr
2780070695,date,2014-10-30,source
2780070695,postcode,3131GT,addr
2780070695,housenumber,77,addr
2780070914,source,BAG,regular
2780070914,city,Vlaardingen,addr
2780070914,street,Westhavenkade,addr
2780070914,date,2014-10-30,source
2780070914,postcode,3131AH,addr
2780070914,housenumber,78,addr
2780071118,source,BAG,regular
2780071118,city,Vlaardingen,addr
2780071118,street,Delftseveerweg,addr
2780071118,date,2014-10-30,source
2780071118,postcode,3134JC,addr
2780071118,housenumber,7C,addr
2780071354,source,BAG,regular
2780071354,city,Vlaardingen,addr
2780071354,street,P.C. Hooftstraat,addr
2780071354,date,2014-10-30,source
2780071354,postcode,3131WS,addr
2780071354,housenumber,8,addr
2780071555,source,BAG,regular
2780071555,city,Vlaardingen,addr
2780071555,street,Stationsstraat,addr
2780071555,date,2014-10-30,source
2780071555,postcode,3131PV,addr
2780071555,housenumber,80,addr
2780071775,source,BAG,regular
2780071775,city,Vlaardingen,addr
2780071775,street,Groen van Prinstererstraat,addr
2780071775,date,2014-10-30,source
2780071775,postcode,3131GH,addr
2780071775,housenumber,82,addr
2780072015,source,BAG,regular
2780072015,city,Vlaardingen,addr
2780072015,street,van Riebeeckstraat,addr
2780072015,date,2014-10-30,source
2780072015,postcode,3131VT,addr
2780072015,housenumber,83E,addr
2780072236,source,BAG,regular
2780072236,city,Vlaardingen,addr
2780072236,street,Havenstraat,addr
2780072236,date,2014-10-30,source
2780072236,postcode,3131BD,addr
2780072236,housenumber,86,addr
2780072354,source,BAG,regular
2780072354,city,Vlaardingen,addr
2780072354,street,van Riebeeckstraat,addr
2780072354,date,2014-10-30,source
2780072354,postcode,3131VV,addr
2780072354,housenumber,88,addr
2780072490,source,BAG,regular
2780072490,city,Vlaardingen,addr
2780072490,street,Doctor Schaepmanstraat,addr
2780072490,date,2014-10-30,source
2780072490,postcode,3131HN,addr
2780072490,housenumber,8C,addr
2780072597,source,BAG,regular
2780072597,city,Vlaardingen,addr
2780072597,street,Peperstraat,addr
2780072597,date,2014-10-30,source
2780072597,postcode,3131CT,addr
2780072597,housenumber,9,addr
2780073034,source,BAG,regular
2780073034,city,Vlaardingen,addr
2780073034,street,Parallelweg,addr
2780073034,date,2014-10-30,source
2780073034,postcode,3131DJ,addr
2780073034,housenumber,90A,addr
2780073371,source,BAG,regular
2780073371,city,Vlaardingen,addr
2780073371,street,Richard Holstraat,addr
2780073371,date,2014-10-30,source
2780073371,postcode,3131EN,addr
2780073371,housenumber,93,addr
2780073766,source,BAG,regular
2780073766,city,Vlaardingen,addr
2780073766,street,Groen van Prinstererstraat,addr
2780073766,date,2014-10-30,source
2780073766,postcode,3131GH,addr
2780073766,housenumber,96,addr
2780074036,source,BAG,regular
2780074036,city,Vlaardingen,addr
2780074036,street,Vaartweg,addr
2780074036,date,2014-10-30,source
2780074036,postcode,3131HV,addr
2780074036,housenumber,98,addr
2780074367,source,BAG,regular
2780074367,city,Vlaardingen,addr
2780074367,street,Gedempte Biersloot,addr
2780074367,date,2014-10-30,source
2780074367,postcode,3131HJ,addr
2780074367,housenumber,9b,addr
2780226027,source,BAG,regular
2780226027,city,Vlaardingen,addr
2780226027,street,Burgemeester Van Lierplein,addr
2780226027,date,2014-10-30,source
2780226027,postcode,3134ZB,addr
2780226027,housenumber,1,addr
2780226129,source,BAG,regular
2780226129,city,Vlaardingen,addr
2780226129,street,Ida Maria de Raathstraat,addr
2780226129,date,2014-10-30,source
2780226129,postcode,3134EG,addr
2780226129,housenumber,10,addr
2780226242,source,BAG,regular
2780226242,city,Vlaardingen,addr
2780226242,street,Callenburgstraat,addr
2780226242,date,2014-10-30,source
2780226242,postcode,3134GC,addr
2780226242,housenumber,103,addr
2780226382,source,BAG,regular
2780226382,city,Vlaardingen,addr
2780226382,street,Parkweg,addr
2780226382,date,2014-10-30,source
2780226382,postcode,3134VR,addr
2780226382,housenumber,108,addr
2780226518,source,BAG,regular
2780226518,city,Vlaardingen,addr
2780226518,street,van Kinsbergenplaats,addr
2780226518,date,2014-10-30,source
2780226518,postcode,3134XE,addr
2780226518,housenumber,11,addr
2780226620,source,BAG,regular
2780226620,city,Vlaardingen,addr
2780226620,street,Emmastraat,addr
2780226620,date,2014-10-30,source
2780226620,postcode,3134CN,addr
2780226620,housenumber,116,addr
2780226738,source,BAG,regular
2780226738,city,Vlaardingen,addr
2780226738,street,Eikestraat,addr
2780226738,date,2014-10-30,source
2780226738,postcode,3134VC,addr
2780226738,housenumber,12,addr
2780226821,source,BAG,regular
2780226821,city,Vlaardingen,addr
2780226821,street,2e van Leyden Gaelstraat,addr
2780226821,date,2014-10-30,source
2780226821,postcode,3134LN,addr
2780226821,housenumber,124,addr
2780226897,source,BAG,regular
2780226897,city,Vlaardingen,addr
2780226897,street,2e Maasbosstraat,addr
2780226897,date,2014-10-30,source
2780226897,postcode,3134XH,addr
2780226897,housenumber,13,addr
2780227038,source,BAG,regular
2780227038,city,Vlaardingen,addr
2780227038,street,2e van Leyden Gaelstraat,addr
2780227038,date,2014-10-30,source
2780227038,postcode,3134LN,addr
2780227038,housenumber,132,addr
2780227446,source,BAG,regular
2780227446,city,Vlaardingen,addr
2780227446,street,Oosthavenkade,addr
2780227446,date,2014-10-30,source
2780227446,postcode,3134NV,addr
2780227446,housenumber,13A,addr
2780227833,source,BAG,regular
2780227833,city,Vlaardingen,addr
2780227833,street,Spoorsingel,addr
2780227833,date,2014-10-30,source
2780227833,postcode,3134XV,addr
2780227833,housenumber,141,addr
2780228140,source,BAG,regular
2780228140,city,Vlaardingen,addr
2780228140,street,Binnensingel,addr
2780228140,date,2014-10-30,source
2780228140,postcode,3134NA,addr
2780228140,housenumber,15,addr
2780228356,source,BAG,regular
2780228356,city,Vlaardingen,addr
2780228356,street,2e van Leyden Gaelstraat,addr
2780228356,date,2014-10-30,source
2780228356,postcode,3134LP,addr
2780228356,housenumber,154,addr
2780228498,source,BAG,regular
2780228498,city,Vlaardingen,addr
2780228498,street,Emmaplein,addr
2780228498,date,2014-10-30,source
2780228498,postcode,3134CE,addr
2780228498,housenumber,16,addr
2780228619,source,BAG,regular
2780228619,city,Vlaardingen,addr
2780228619,street,Spoorsingel,addr
2780228619,date,2014-10-30,source
2780228619,postcode,3134XX,addr
2780228619,housenumber,163C,addr
2780228731,source,BAG,regular
2780228731,city,Vlaardingen,addr
2780228731,street,2e van Leyden Gaelstraat,addr
2780228731,date,2014-10-30,source
2780228731,postcode,3134LH,addr
2780228731,housenumber,17,addr
2780228836,source,BAG,regular
2780228836,city,Vlaardingen,addr
2780228836,street,Binnensingel,addr
2780228836,date,2014-10-30,source
2780228836,postcode,3134NH,addr
2780228836,housenumber,178,addr
2780229003,source,BAG,regular
2780229003,city,Vlaardingen,addr
2780229003,street,Binnensingel,addr
2780229003,date,2014-10-30,source
2780229003,postcode,3134NH,addr
2780229003,housenumber,184,addr
2780229102,source,BAG,regular
2780229102,city,Vlaardingen,addr
2780229102,street,Willem Beukelszoonstraat,addr
2780229102,date,2014-10-30,source
2780229102,postcode,3134LV,addr
2780229102,housenumber,19,addr
2780229220,source,BAG,regular
2780229220,city,Vlaardingen,addr
2780229220,street,Bleekstraat,addr
2780229220,date,2014-10-30,source
2780229220,postcode,3134EB,addr
2780229220,housenumber,2,addr
2780229320,source,BAG,regular
2780229320,city,Vlaardingen,addr
2780229320,street,Jacob van Heemskerkstraat,addr
2780229320,date,2014-10-30,source
2780229320,postcode,3134LD,addr
2780229320,housenumber,20,addr
2780229427,source,BAG,regular
2780229427,city,Vlaardingen,addr
2780229427,street,2e van Leyden Gaelstraat,addr
2780229427,date,2014-10-30,source
2780229427,postcode,3134LH,addr
2780229427,housenumber,21,addr
2780229531,source,BAG,regular
2780229531,city,Vlaardingen,addr
2780229531,street,Parkweg,addr
2780229531,date,2014-10-30,source
2780229531,postcode,3134VS,addr
2780229531,housenumber,216,addr
2780229658,source,BAG,regular
2780229658,city,Vlaardingen,addr
2780229658,street,Binnensingel,addr
2780229658,date,2014-10-30,source
2780229658,postcode,3134NH,addr
2780229658,housenumber,222,addr
2780229762,source,BAG,regular
2780229762,city,Vlaardingen,addr
2780229762,street,Trompstraat,addr
2780229762,date,2014-10-30,source
2780229762,postcode,3134XZ,addr
2780229762,housenumber,23,addr
2780230011,source,BAG,regular
2780230011,city,Vlaardingen,addr
2780230011,street,Sprinterplaats,addr
2780230011,date,2014-10-30,source
2780230011,postcode,3134TB,addr
2780230011,housenumber,24,addr
2780230186,source,BAG,regular
2780230186,city,Vlaardingen,addr
2780230186,street,Koningstraat,addr
2780230186,date,2014-10-30,source
2780230186,postcode,3134EH,addr
2780230186,housenumber,25,addr
2780230313,source,BAG,regular
2780230313,city,Vlaardingen,addr
2780230313,street,Eendrachtstraat,addr
2780230313,date,2014-10-30,source
2780230313,postcode,3134GL,addr
2780230313,housenumber,26,addr
2780230432,source,BAG,regular
2780230432,city,Vlaardingen,addr
2780230432,street,Scheldeplaats,addr
2780230432,date,2014-10-30,source
2780230432,postcode,3134NP,addr
2780230432,housenumber,27,addr
2780230564,source,BAG,regular
2780230564,city,Vlaardingen,addr
2780230564,street,Boslaan,addr
2780230564,date,2014-10-30,source
2780230564,postcode,3134XC,addr
2780230564,housenumber,29,addr
2780230702,source,BAG,regular
2780230702,city,Vlaardingen,addr
2780230702,street,Buizengat,addr
2780230702,date,2014-10-30,source
2780230702,postcode,3134AG,addr
2780230702,housenumber,3,addr
2780230859,source,BAG,regular
2780230859,city,Vlaardingen,addr
2780230859,street,Maasstraat,addr
2780230859,date,2014-10-30,source
2780230859,postcode,3134EN,addr
2780230859,housenumber,30,addr
2780230953,source,BAG,regular
2780230953,city,Vlaardingen,addr
2780230953,street,1e van Leyden Gaelstraat,addr
2780230953,date,2014-10-30,source
2780230953,postcode,3134LE,addr
2780230953,housenumber,310,addr
2780231027,source,BAG,regular
2780231027,city,Vlaardingen,addr
2780231027,street,Boslaan,addr
2780231027,date,2014-10-30,source
2780231027,postcode,3134XC,addr
2780231027,housenumber,33,addr
2780231118,source,BAG,regular
2780231118,city,Vlaardingen,addr
2780231118,street,Piet Heinplaats,addr
2780231118,date,2014-10-30,source
2780231118,postcode,3134ZA,addr
2780231118,housenumber,34,addr
2780231303,source,BAG,regular
2780231303,city,Vlaardingen,addr
2780231303,street,Bleekstraat,addr
2780231303,date,2014-10-30,source
2780231303,postcode,3134EB,addr
2780231303,housenumber,36,addr
2780231410,source,BAG,regular
2780231410,city,Vlaardingen,addr
2780231410,street,Schiedamseweg,addr
2780231410,date,2014-10-30,source
2780231410,postcode,3134BA,addr
2780231410,housenumber,37,addr
2780231521,source,BAG,regular
2780231521,city,Vlaardingen,addr
2780231521,street,Boslaan,addr
2780231521,date,2014-10-30,source
2780231521,postcode,3134XC,addr
2780231521,housenumber,39,addr
2780231624,source,BAG,regular
2780231624,city,Vlaardingen,addr
2780231624,street,Eikestraat,addr
2780231624,date,2014-10-30,source
2780231624,postcode,3134VC,addr
2780231624,housenumber,4,addr
2780231874,source,BAG,regular
2780231874,city,Vlaardingen,addr
2780231874,street,1e van Leyden Gaelstraat,addr
2780231874,date,2014-10-30,source
2780231874,postcode,3134LE,addr
2780231874,housenumber,402,addr
2780231992,source,BAG,regular
2780231992,city,Vlaardingen,addr
2780231992,street,Sprinterplaats,addr
2780231992,date,2014-10-30,source
2780231992,postcode,3134TB,addr
2780231992,housenumber,42,addr
2780232149,source,BAG,regular
2780232149,city,Vlaardingen,addr
2780232149,street,Emmastraat,addr
2780232149,date,2014-10-30,source
2780232149,postcode,3134CL,addr
2780232149,housenumber,44,addr
2780232239,source,BAG,regular
2780232239,city,Vlaardingen,addr
2780232239,street,Bolderwerk,addr
2780232239,date,2014-10-30,source
2780232239,postcode,3134MB,addr
2780232239,housenumber,46,addr
2780232338,source,BAG,regular
2780232338,city,Vlaardingen,addr
2780232338,street,Maasstraat,addr
2780232338,date,2014-10-30,source
2780232338,postcode,3134EN,addr
2780232338,housenumber,48,addr
2780232419,source,BAG,regular
2780232419,city,Vlaardingen,addr
2780232419,street,Dennestraat,addr
2780232419,date,2014-10-30,source
2780232419,postcode,3134VB,addr
2780232419,housenumber,5,addr
2780232516,source,BAG,regular
2780232516,city,Vlaardingen,addr
2780232516,street,Spoorstraat,addr
2780232516,date,2014-10-30,source
2780232516,postcode,3134TA,addr
2780232516,housenumber,50,addr
2780232569,source,BAG,regular
2780232569,city,Vlaardingen,addr
2780232569,street,2e Maasbosstraat,addr
2780232569,date,2014-10-30,source
2780232569,postcode,3134XH,addr
2780232569,housenumber,53,addr
2780232635,source,BAG,regular
2780232635,city,Vlaardingen,addr
2780232635,street,2e Maasbosstraat,addr
2780232635,date,2014-10-30,source
2780232635,postcode,3134XH,addr
2780232635,housenumber,55,addr
2780232742,source,BAG,regular
2780232742,city,Vlaardingen,addr
2780232742,street,Oosthavenkade,addr
2780232742,date,2014-10-30,source
2780232742,postcode,3134NX,addr
2780232742,housenumber,56Z-1A,addr
2780232838,source,BAG,regular
2780232838,city,Vlaardingen,addr
2780232838,street,Sprinterplaats,addr
2780232838,date,2014-10-30,source
2780232838,postcode,3134TB,addr
2780232838,housenumber,58,addr
2780232931,source,BAG,regular
2780232931,city,Vlaardingen,addr
2780232931,street,Jacob van Heemskerkstraat,addr
2780232931,date,2014-10-30,source
2780232931,postcode,3134LD,addr
2780232931,housenumber,6,addr
2780233032,source,BAG,regular
2780233032,city,Vlaardingen,addr
2780233032,street,Oosthavenkade,addr
2780233032,date,2014-10-30,source
2780233032,postcode,3134NX,addr
2780233032,housenumber,61,addr
2780233187,source,BAG,regular
2780233187,city,Vlaardingen,addr
2780233187,street,Arnold Hoogvlietstraat,addr
2780233187,date,2014-10-30,source
2780233187,postcode,3134CB,addr
2780233187,housenumber,63,addr
2780233283,source,BAG,regular
2780233283,city,Vlaardingen,addr
2780233283,street,Bleekstraat,addr
2780233283,date,2014-10-30,source
2780233283,postcode,3134EA,addr
2780233283,housenumber,65,addr
2780233427,source,BAG,regular
2780233427,city,Vlaardingen,addr
2780233427,street,Callenburgstraat,addr
2780233427,date,2014-10-30,source
2780233427,postcode,3134GG,addr
2780233427,housenumber,68,addr
2780233543,source,BAG,regular
2780233543,city,Vlaardingen,addr
2780233543,street,Dwarsstraat,addr
2780233543,date,2014-10-30,source
2780233543,postcode,3134EE,addr
2780233543,housenumber,7,addr
2780233762,source,BAG,regular
2780233762,city,Vlaardingen,addr
2780233762,street,2e van Leyden Gaelstraat,addr
2780233762,date,2014-10-30,source
2780233762,postcode,3134LJ,addr
2780233762,housenumber,71,addr
2780234101,source,BAG,regular
2780234101,city,Vlaardingen,addr
2780234101,street,Oosthavenkade,addr
2780234101,date,2014-10-30,source
2780234101,postcode,3134NX,addr
2780234101,housenumber,72Q,addr
2780234203,source,BAG,regular
2780234203,city,Vlaardingen,addr
2780234203,street,2e van Leyden Gaelstraat,addr
2780234203,date,2014-10-30,source
2780234203,postcode,3134LJ,addr
2780234203,housenumber,75,addr
2780234313,source,BAG,regular
2780234313,city,Vlaardingen,addr
2780234313,street,Hoflaan,addr
2780234313,date,2014-10-30,source
2780234313,postcode,3134AD,addr
2780234313,housenumber,78,addr
2780234363,source,BAG,regular
2780234363,city,Vlaardingen,addr
2780234363,street,Jacob van Heemskerkstraat,addr
2780234363,date,2014-10-30,source
2780234363,postcode,3134LD,addr
2780234363,housenumber,8,addr
2780234473,source,BAG,regular
2780234473,city,Vlaardingen,addr
2780234473,street,Emmastraat,addr
2780234473,date,2014-10-30,source
2780234473,postcode,3134CM,addr
2780234473,housenumber,82,addr
2780234560,source,BAG,regular
2780234560,city,Vlaardingen,addr
2780234560,street,Spoorsingel,addr
2780234560,date,2014-10-30,source
2780234560,postcode,3134XS,addr
2780234560,housenumber,85,addr
2780234770,source,BAG,regular
2780234770,city,Vlaardingen,addr
2780234770,street,Willem Beukelszoonstraat,addr
2780234770,date,2014-10-30,source
2780234770,postcode,3134LW,addr
2780234770,housenumber,87,addr
2780234883,source,BAG,regular
2780234883,city,Vlaardingen,addr
2780234883,street,Beukestraat,addr
2780234883,date,2014-10-30,source
2780234883,postcode,3134VA,addr
2780234883,housenumber,9,addr
2780234988,source,BAG,regular
2780234988,city,Vlaardingen,addr
2780234988,street,Emmastraat,addr
2780234988,date,2014-10-30,source
2780234988,postcode,3134CJ,addr
2780234988,housenumber,91,addr
2780235240,source,BAG,regular
2780235240,city,Vlaardingen,addr
2780235240,street,Emmastraat,addr
2780235240,date,2014-10-30,source
2780235240,postcode,3134CM,addr
2780235240,housenumber,96,addr
2780341688,source,BAG,regular
2780341688,city,Vlaardingen,addr
2780341688,street,Johan de Wittstraat,addr
2780341688,date,2014-10-30,source
2780341688,postcode,3135RH,addr
2780341688,housenumber,101A,addr
2780341749,source,BAG,regular
2780341749,city,Vlaardingen,addr
2780341749,street,van Hogendorplaan,addr
2780341749,date,2014-10-30,source
2780341749,postcode,3135CE,addr
2780341749,housenumber,106e,addr
2780342089,source,BAG,regular
2780342089,city,Vlaardingen,addr
2780342089,street,van Hogendorplaan,addr
2780342089,date,2014-10-30,source
2780342089,postcode,3135CE,addr
2780342089,housenumber,110e,addr
2780342236,source,BAG,regular
2780342236,city,Vlaardingen,addr
2780342236,street,van De Spiegelstraat,addr
2780342236,date,2014-10-30,source
2780342236,postcode,3135SH,addr
2780342236,housenumber,116,addr
2780342301,source,BAG,regular
2780342301,city,Vlaardingen,addr
2780342301,street,van der Palmstraat,addr
2780342301,date,2014-10-30,source
2780342301,postcode,3135LK,addr
2780342301,housenumber,11D,addr
2780342354,source,BAG,regular
2780342354,city,Vlaardingen,addr
2780342354,street,van Hogendorplaan,addr
2780342354,date,2014-10-30,source
2780342354,postcode,3135CE,addr
2780342354,housenumber,122c,addr
2780342416,source,BAG,regular
2780342416,city,Vlaardingen,addr
2780342416,street,Eleonorastraat,addr
2780342416,date,2014-10-30,source
2780342416,postcode,3135PA,addr
2780342416,housenumber,129,addr
2780342503,source,BAG,regular
2780342503,city,Vlaardingen,addr
2780342503,street,van Hogendorplaan,addr
2780342503,date,2014-10-30,source
2780342503,postcode,3135BK,addr
2780342503,housenumber,1335,addr
2780342632,source,BAG,regular
2780342632,city,Vlaardingen,addr
2780342632,street,van der Palmstraat,addr
2780342632,date,2014-10-30,source
2780342632,postcode,3135LK,addr
2780342632,housenumber,13B,addr
2780342774,source,BAG,regular
2780342774,city,Vlaardingen,addr
2780342774,street,van Hogendorplaan,addr
2780342774,date,2014-10-30,source
2780342774,postcode,3135BK,addr
2780342774,housenumber,1437,addr
2780342857,source,BAG,regular
2780342857,city,Vlaardingen,addr
2780342857,street,van Hogendorplaan,addr
2780342857,date,2014-10-30,source
2780342857,postcode,3135BK,addr
2780342857,housenumber,1495,addr
2780342907,source,BAG,regular
2780342907,city,Vlaardingen,addr
2780342907,street,Eleonorastraat,addr
2780342907,date,2014-10-30,source
2780342907,postcode,3135PB,addr
2780342907,housenumber,154,addr
2780342957,source,BAG,regular
2780342957,city,Vlaardingen,addr
2780342957,street,van Limburg Stirumstraat,addr
2780342957,date,2014-10-30,source
2780342957,postcode,3135NP,addr
2780342957,housenumber,15C,addr
2780343042,source,BAG,regular
2780343042,city,Vlaardingen,addr
2780343042,street,van Hogendorplaan,addr
2780343042,date,2014-10-30,source
2780343042,postcode,3135CK,addr
2780343042,housenumber,162D,addr
2780343382,source,BAG,regular
2780343382,city,Vlaardingen,addr
2780343382,street,Jacob Gillesstraat,addr
2780343382,date,2014-10-30,source
2780343382,postcode,3135AP,addr
2780343382,housenumber,17,addr
2780343693,source,BAG,regular
2780343693,city,Vlaardingen,addr
2780343693,street,Kemperhof,addr
2780343693,date,2014-10-30,source
2780343693,postcode,3135RS,addr
2780343693,housenumber,18,addr
2780344092,source,BAG,regular
2780344092,city,Vlaardingen,addr
2780344092,street,Johan de Wittstraat,addr
2780344092,date,2014-10-30,source
2780344092,postcode,3135RH,addr
2780344092,housenumber,191,addr
2780344145,source,BAG,regular
2780344145,city,Vlaardingen,addr
2780344145,street,Kemperhof,addr
2780344145,date,2014-10-30,source
2780344145,postcode,3135RS,addr
2780344145,housenumber,2,addr
2780344195,source,BAG,regular
2780344195,city,Vlaardingen,addr
2780344195,street,van Maanenstraat,addr
2780344195,date,2014-10-30,source
2780344195,postcode,3135RV,addr
2780344195,housenumber,21,addr
2780344345,source,BAG,regular
2780344345,city,Vlaardingen,addr
2780344345,street,Johan de Wittstraat,addr
2780344345,date,2014-10-30,source
2780344345,postcode,3135RR,addr
2780344345,housenumber,224,addr
2780344406,source,BAG,regular
2780344406,city,Vlaardingen,addr
2780344406,street,van Slingelandtstraat,addr
2780344406,date,2014-10-30,source
2780344406,postcode,3135LM,addr
2780344406,housenumber,23C,addr
2780344468,source,BAG,regular
2780344468,city,Vlaardingen,addr
2780344468,street,van Bleiswijkstraat,addr
2780344468,date,2014-10-30,source
2780344468,postcode,3135AK,addr
2780344468,housenumber,25,addr
2780344849,source,BAG,regular
2780344849,city,Vlaardingen,addr
2780344849,street,Antonie Duyckstraat,addr
2780344849,date,2014-10-30,source
2780344849,postcode,3135AH,addr
2780344849,housenumber,27,addr
2780345234,source,BAG,regular
2780345234,city,Vlaardingen,addr
2780345234,street,van Aerssenstraat,addr
2780345234,date,2014-10-30,source
2780345234,postcode,3135AB,addr
2780345234,housenumber,28D,addr
2780345547,source,BAG,regular
2780345547,city,Vlaardingen,addr
2780345547,street,Paulus Buysstraat,addr
2780345547,date,2014-10-30,source
2780345547,postcode,3135AT,addr
2780345547,housenumber,30,addr
2780345788,source,BAG,regular
2780345788,city,Vlaardingen,addr
2780345788,street,Trimpad,addr
2780345788,date,2014-10-30,source
2780345788,postcode,3135GA,addr
2780345788,housenumber,32,addr
2780346183,source,BAG,regular
2780346183,city,Vlaardingen,addr
2780346183,street,van Maanenstraat,addr
2780346183,date,2014-10-30,source
2780346183,postcode,3135RV,addr
2780346183,housenumber,34,addr
2780346402,source,BAG,regular
2780346402,city,Vlaardingen,addr
2780346402,street,van Bleiswijkstraat,addr
2780346402,date,2014-10-30,source
2780346402,postcode,3135AK,addr
2780346402,housenumber,37,addr
2780346688,source,BAG,regular
2780346688,city,Vlaardingen,addr
2780346688,street,van der Palmstraat,addr
2780346688,date,2014-10-30,source
2780346688,postcode,3135LK,addr
2780346688,housenumber,3C,addr
2780346917,source,BAG,regular
2780346917,city,Vlaardingen,addr
2780346917,street,Eleonorastraat,addr
2780346917,date,2014-10-30,source
2780346917,postcode,3135PB,addr
2780346917,housenumber,42,addr
2780347319,source,BAG,regular
2780347319,city,Vlaardingen,addr
2780347319,street,Johan de Wittstraat,addr
2780347319,date,2014-10-30,source
2780347319,postcode,3135RH,addr
2780347319,housenumber,45,addr
2780347672,source,BAG,regular
2780347672,city,Vlaardingen,addr
2780347672,street,van Bleiswijkstraat,addr
2780347672,date,2014-10-30,source
2780347672,postcode,3135AM,addr
2780347672,housenumber,48D,addr
2780347813,source,BAG,regular
2780347813,city,Vlaardingen,addr
2780347813,street,Antonie Heinsiusstraat,addr
2780347813,date,2014-10-30,source
2780347813,postcode,3135NB,addr
2780347813,housenumber,52,addr
2780347871,source,BAG,regular
2780347871,city,Vlaardingen,addr
2780347871,street,van Oldenbarneveldtstraat,addr
2780347871,date,2014-10-30,source
2780347871,postcode,3135AR,addr
2780347871,housenumber,56,addr
2780347931,source,BAG,regular
2780347931,city,Vlaardingen,addr
2780347931,street,van Hoornbeekstraat,addr
2780347931,date,2014-10-30,source
2780347931,postcode,3135LJ,addr
2780347931,housenumber,5D,addr
2780348234,source,BAG,regular
2780348234,city,Vlaardingen,addr
2780348234,street,Johan de Wittstraat,addr
2780348234,date,2014-10-30,source
2780348234,postcode,3135RH,addr
2780348234,housenumber,65,addr
2780348775,source,BAG,regular
2780348775,city,Vlaardingen,addr
2780348775,street,van Maanenstraat,addr
2780348775,date,2014-10-30,source
2780348775,postcode,3135RV,addr
2780348775,housenumber,72,addr
2780349013,source,BAG,regular
2780349013,city,Vlaardingen,addr
2780349013,street,van der Palmstraat,addr
2780349013,date,2014-10-30,source
2780349013,postcode,3135LK,addr
2780349013,housenumber,7D,addr
2780349304,source,BAG,regular
2780349304,city,Vlaardingen,addr
2780349304,street,van der Duyn van Maasdamlaan,addr
2780349304,date,2014-10-30,source
2780349304,postcode,3135LC,addr
2780349304,housenumber,88C,addr
2780349616,source,BAG,regular
2780349616,city,Vlaardingen,addr
2780349616,street,van Limburg Stirumstraat,addr
2780349616,date,2014-10-30,source
2780349616,postcode,3135NS,addr
2780349616,housenumber,98,addr
2780429963,source,BAG,regular
2780429963,city,Vlaardingen,addr
2780429963,street,Voorstraat,addr
2780429963,date,2014-10-30,source
2780429963,postcode,3135HV,addr
2780429963,housenumber,1,addr
2780430174,source,BAG,regular
2780430174,city,Vlaardingen,addr
2780430174,street,Rozenlaan,addr
2780430174,date,2014-10-30,source
2780430174,postcode,3135XT,addr
2780430174,housenumber,100,addr
2780430462,source,BAG,regular
2780430462,city,Vlaardingen,addr
2780430462,street,Prins Hendriklaan,addr
2780430462,date,2014-10-30,source
2780430462,postcode,3135ZC,addr
2780430462,housenumber,107,addr
2780430662,source,BAG,regular
2780430662,city,Vlaardingen,addr
2780430662,street,Mauritssingel,addr
2780430662,date,2014-10-30,source
2780430662,postcode,3135JL,addr
2780430662,housenumber,11,addr
2780430960,source,BAG,regular
2780430960,city,Vlaardingen,addr
2780430960,street,Burgemeester A. van Walsumlaan,addr
2780430960,date,2014-10-30,source
2780430960,postcode,3135WG,addr
2780430960,housenumber,119,addr
2780431248,source,BAG,regular
2780431248,city,Vlaardingen,addr
2780431248,street,Keizerhof,addr
2780431248,date,2014-10-30,source
2780431248,postcode,3135CT,addr
2780431248,housenumber,12,addr
2780431587,source,BAG,regular
2780431587,city,Vlaardingen,addr
2780431587,street,Rozenlaan,addr
2780431587,date,2014-10-30,source
2780431587,postcode,3135XP,addr
2780431587,housenumber,125,addr
2780431786,source,BAG,regular
2780431786,city,Vlaardingen,addr
2780431786,street,Kwartellaan,addr
2780431786,date,2014-10-30,source
2780431786,postcode,3135KC,addr
2780431786,housenumber,13,addr
2780432229,source,BAG,regular
2780432229,city,Vlaardingen,addr
2780432229,street,Goudsbloemstraat,addr
2780432229,date,2014-10-30,source
2780432229,postcode,3135VK,addr
2780432229,housenumber,13A,addr
2780432479,source,BAG,regular
2780432479,city,Vlaardingen,addr
2780432479,street,Mauritssingel,addr
2780432479,date,2014-10-30,source
2780432479,postcode,3135JL,addr
2780432479,housenumber,14,addr
2780432589,source,BAG,regular
2780432589,city,Vlaardingen,addr
2780432589,street,Asterstraat,addr
2780432589,date,2014-10-30,source
2780432589,postcode,3135HA,addr
2780432589,housenumber,15,addr
2780433071,source,BAG,regular
2780433071,city,Vlaardingen,addr
2780433071,street,Sportlaan,addr
2780433071,date,2014-10-30,source
2780433071,postcode,3135GT,addr
2780433071,housenumber,155,addr
2780433283,source,BAG,regular
2780433283,city,Vlaardingen,addr
2780433283,street,Klaproosstraat,addr
2780433283,date,2014-10-30,source
2780433283,postcode,3135TH,addr
2780433283,housenumber,15C,addr
2780433335,source,BAG,regular
2780433335,city,Vlaardingen,addr
2780433335,street,van Linden van den Heuvellsingel,addr
2780433335,date,2014-10-30,source
2780433335,postcode,3135KH,addr
2780433335,housenumber,16,addr
2780433407,source,BAG,regular
2780433407,city,Vlaardingen,addr
2780433407,street,Burgemeester Luijerinksingel,addr
2780433407,date,2014-10-30,source
2780433407,postcode,3135KJ,addr
2780433407,housenumber,17,addr
2780433457,source,BAG,regular
2780433457,city,Vlaardingen,addr
2780433457,street,Kethelweg,addr
2780433457,date,2014-10-30,source
2780433457,postcode,3135GG,addr
2780433457,housenumber,175A,addr
2780433678,source,BAG,regular
2780433678,city,Vlaardingen,addr
2780433678,street,Nachtegaallaan,addr
2780433678,date,2014-10-30,source
2780433678,postcode,3135KW,addr
2780433678,housenumber,18,addr
2780434068,source,BAG,regular
2780434068,city,Vlaardingen,addr
2780434068,street,Hortensiastraat,addr
2780434068,date,2014-10-30,source
2780434068,postcode,3135TD,addr
2780434068,housenumber,18B,addr
2780434355,source,BAG,regular
2780434355,city,Vlaardingen,addr
2780434355,street,Petuniastraat,addr
2780434355,date,2014-10-30,source
2780434355,postcode,3135EA,addr
2780434355,housenumber,190,addr
2780434770,source,BAG,regular
2780434770,city,Vlaardingen,addr
2780434770,street,van Hogendorplaan,addr
2780434770,date,2014-10-30,source
2780434770,postcode,3135BA,addr
2780434770,housenumber,1A,addr
2780435048,source,BAG,regular
2780435048,city,Vlaardingen,addr
2780435048,street,Lavendelstraat,addr
2780435048,date,2014-10-30,source
2780435048,postcode,3135TL,addr
2780435048,housenumber,2,addr
2780435401,source,BAG,regular
2780435401,city,Vlaardingen,addr
2780435401,street,Petuniastraat,addr
2780435401,date,2014-10-30,source
2780435401,postcode,3135EA,addr
2780435401,housenumber,20,addr
2780435632,source,BAG,regular
2780435632,city,Vlaardingen,addr
2780435632,street,Sportlaan,addr
2780435632,date,2014-10-30,source
2780435632,postcode,3135GX,addr
2780435632,housenumber,208,addr
2780435948,source,BAG,regular
2780435948,city,Vlaardingen,addr
2780435948,street,Oranjelaan,addr
2780435948,date,2014-10-30,source
2780435948,postcode,3135ZL,addr
2780435948,housenumber,21,addr
2780436055,source,BAG,regular
2780436055,city,Vlaardingen,addr
2780436055,street,Begoniastraat,addr
2780436055,date,2014-10-30,source
2780436055,postcode,3135XB,addr
2780436055,housenumber,22,addr
2780436106,source,BAG,regular
2780436106,city,Vlaardingen,addr
2780436106,street,Kethelweg,addr
2780436106,date,2014-10-30,source
2780436106,postcode,3135GK,addr
2780436106,housenumber,225C,addr
2780436156,source,BAG,regular
2780436156,city,Vlaardingen,addr
2780436156,street,Oranjelaan,addr
2780436156,date,2014-10-30,source
2780436156,postcode,3135ZL,addr
2780436156,housenumber,23,addr
2780436212,source,BAG,regular
2780436212,city,Vlaardingen,addr
2780436212,street,Lyceumlaan,addr
2780436212,date,2014-10-30,source
2780436212,postcode,3135CZ,addr
2780436212,housenumber,24,addr
2780436266,source,BAG,regular
2780436266,city,Vlaardingen,addr
2780436266,street,Burgemeester Verkadesingel,addr
2780436266,date,2014-10-30,source
2780436266,postcode,3135KX,addr
2780436266,housenumber,25,addr
2780436345,source,BAG,regular
2780436345,city,Vlaardingen,addr
2780436345,street,Lobeliastraat,addr
2780436345,date,2014-10-30,source
2780436345,postcode,3135TR,addr
2780436345,housenumber,25C,addr
2780436404,source,BAG,regular
2780436404,city,Vlaardingen,addr
2780436404,street,Klaproosstraat,addr
2780436404,date,2014-10-30,source
2780436404,postcode,3135TK,addr
2780436404,housenumber,26A,addr
2780436493,source,BAG,regular
2780436493,city,Vlaardingen,addr
2780436493,street,Sportlaan,addr
2780436493,date,2014-10-30,source
2780436493,postcode,3135GR,addr
2780436493,housenumber,27,addr
2780436655,source,BAG,regular
2780436655,city,Vlaardingen,addr
2780436655,street,Petuniastraat,addr
2780436655,date,2014-10-30,source
2780436655,postcode,3135EA,addr
2780436655,housenumber,28,addr
2780436716,source,BAG,regular
2780436716,city,Vlaardingen,addr
2780436716,street,Goudsesingel,addr
2780436716,date,2014-10-30,source
2780436716,postcode,3135CA,addr
2780436716,housenumber,29,addr
2780436770,source,BAG,regular
2780436770,city,Vlaardingen,addr
2780436770,street,Kievitlaan,addr
2780436770,date,2014-10-30,source
2780436770,postcode,3135KB,addr
2780436770,housenumber,2A,addr
2780436820,source,BAG,regular
2780436820,city,Vlaardingen,addr
2780436820,street,Begoniastraat,addr
2780436820,date,2014-10-30,source
2780436820,postcode,3135XB,addr
2780436820,housenumber,30,addr
2780436914,source,BAG,regular
2780436914,city,Vlaardingen,addr
2780436914,street,Dotterbloemstraat,addr
2780436914,date,2014-10-30,source
2780436914,postcode,3135VH,addr
2780436914,housenumber,30C,addr
2780436997,source,BAG,regular
2780436997,city,Vlaardingen,addr
2780436997,street,Burgemeester A. van Walsumlaan,addr
2780436997,date,2014-10-30,source
2780436997,postcode,3135WK,addr
2780436997,housenumber,319,addr
2780437104,source,BAG,regular
2780437104,city,Vlaardingen,addr
2780437104,street,Lavendelstraat,addr
2780437104,date,2014-10-30,source
2780437104,postcode,3135TM,addr
2780437104,housenumber,32A,addr
2780437156,source,BAG,regular
2780437156,city,Vlaardingen,addr
2780437156,street,van Linden van den Heuvellsingel,addr
2780437156,date,2014-10-30,source
2780437156,postcode,3135KH,addr
2780437156,housenumber,33,addr
2780437236,source,BAG,regular
2780437236,city,Vlaardingen,addr
2780437236,street,Burgemeester A. van Walsumlaan,addr
2780437236,date,2014-10-30,source
2780437236,postcode,3135WL,addr
2780437236,housenumber,349,addr
2780437389,source,BAG,regular
2780437389,city,Vlaardingen,addr
2780437389,street,Lobeliastraat,addr
2780437389,date,2014-10-30,source
2780437389,postcode,3135TR,addr
2780437389,housenumber,35C,addr
2780437444,source,BAG,regular
2780437444,city,Vlaardingen,addr
2780437444,street,Kievitlaan,addr
2780437444,date,2014-10-30,source
2780437444,postcode,3135KA,addr
2780437444,housenumber,37,addr
2780437494,source,BAG,regular
2780437494,city,Vlaardingen,addr
2780437494,street,Rozenlaan,addr
2780437494,date,2014-10-30,source
2780437494,postcode,3135XS,addr
2780437494,housenumber,38,addr
2780437563,source,BAG,regular
2780437563,city,Vlaardingen,addr
2780437563,street,Boterbloemstraat,addr
2780437563,date,2014-10-30,source
2780437563,postcode,3135VB,addr
2780437563,housenumber,3A,addr
2780437621,source,BAG,regular
2780437621,city,Vlaardingen,addr
2780437621,street,Jan Ligthartstraat,addr
2780437621,date,2014-10-30,source
2780437621,postcode,3135HM,addr
2780437621,housenumber,4,addr
2780437882,source,BAG,regular
2780437882,city,Vlaardingen,addr
2780437882,street,Oranjelaan,addr
2780437882,date,2014-10-30,source
2780437882,postcode,3135ZP,addr
2780437882,housenumber,40,addr
2780438144,source,BAG,regular
2780438144,city,Vlaardingen,addr
2780438144,street,Burgemeester A. van Walsumlaan,addr
2780438144,date,2014-10-30,source
2780438144,postcode,3135WL,addr
2780438144,housenumber,413,addr
2780438678,source,BAG,regular
2780438678,city,Vlaardingen,addr
2780438678,street,Hortensiastraat,addr
2780438678,date,2014-10-30,source
2780438678,postcode,3135TC,addr
2780438678,housenumber,43,addr
2780438909,source,BAG,regular
2780438909,city,Vlaardingen,addr
2780438909,street,Burgemeester A. van Walsumlaan,addr
2780438909,date,2014-10-30,source
2780438909,postcode,3135WN,addr
2780438909,housenumber,445,addr
2780439034,source,BAG,regular
2780439034,city,Vlaardingen,addr
2780439034,street,Hartmansstraat,addr
2780439034,date,2014-10-30,source
2780439034,postcode,3135PK,addr
2780439034,housenumber,46,addr
2780439101,source,BAG,regular
2780439101,city,Vlaardingen,addr
2780439101,street,Emaus,addr
2780439101,date,2014-10-30,source
2780439101,postcode,3135JC,addr
2780439101,housenumber,48,addr
2780439161,source,BAG,regular
2780439161,city,Vlaardingen,addr
2780439161,street,Dahliastraat,addr
2780439161,date,2014-10-30,source
2780439161,postcode,3135XC,addr
2780439161,housenumber,5,addr
2780439212,source,BAG,regular
2780439212,city,Vlaardingen,addr
2780439212,street,Petuniastraat,addr
2780439212,date,2014-10-30,source
2780439212,postcode,3135EA,addr
2780439212,housenumber,50,addr
2780439472,source,BAG,regular
2780439472,city,Vlaardingen,addr
2780439472,street,Asterstraat,addr
2780439472,date,2014-10-30,source
2780439472,postcode,3135HA,addr
2780439472,housenumber,53,addr
2780439522,source,BAG,regular
2780439522,city,Vlaardingen,addr
2780439522,street,Molenzicht,addr
2780439522,date,2014-10-30,source
2780439522,postcode,3135JT,addr
2780439522,housenumber,55,addr
2780439572,source,BAG,regular
2780439572,city,Vlaardingen,addr
2780439572,street,Julianalaan,addr
2780439572,date,2014-10-30,source
2780439572,postcode,3135JK,addr
2780439572,housenumber,58,addr
2780439624,source,BAG,regular
2780439624,city,Vlaardingen,addr
2780439624,street,Boterbloemstraat,addr
2780439624,date,2014-10-30,source
2780439624,postcode,3135VB,addr
2780439624,housenumber,5C,addr
2780439676,source,BAG,regular
2780439676,city,Vlaardingen,addr
2780439676,street,Narcisplein,addr
2780439676,date,2014-10-30,source
2780439676,postcode,3135HN,addr
2780439676,housenumber,6,addr
2780439731,source,BAG,regular
2780439731,city,Vlaardingen,addr
2780439731,street,Goudsesingel,addr
2780439731,date,2014-10-30,source
2780439731,postcode,3135CC,addr
2780439731,housenumber,62,addr
2780439781,source,BAG,regular
2780439781,city,Vlaardingen,addr
2780439781,street,Julianalaan,addr
2780439781,date,2014-10-30,source
2780439781,postcode,3135JH,addr
2780439781,housenumber,65,addr
2780439831,source,BAG,regular
2780439831,city,Vlaardingen,addr
2780439831,street,Dijkzicht,addr
2780439831,date,2014-10-30,source
2780439831,postcode,3135HH,addr
2780439831,housenumber,69,addr
2780440199,source,BAG,regular
2780440199,city,Vlaardingen,addr
2780440199,street,van Linden van den Heuvellsingel,addr
2780440199,date,2014-10-30,source
2780440199,postcode,3135KH,addr
2780440199,housenumber,7,addr
2780440549,source,BAG,regular
2780440549,city,Vlaardingen,addr
2780440549,street,Hartmansstraat,addr
2780440549,date,2014-10-30,source
2780440549,postcode,3135PK,addr
2780440549,housenumber,74,addr
2780440936,source,BAG,regular
2780440936,city,Vlaardingen,addr
2780440936,street,Hartmansstraat,addr
2780440936,date,2014-10-30,source
2780440936,postcode,3135PK,addr
2780440936,housenumber,79,addr
2780441320,source,BAG,regular
2780441320,city,Vlaardingen,addr
2780441320,street,Emmakade,addr
2780441320,date,2014-10-30,source
2780441320,postcode,3135JD,addr
2780441320,housenumber,8,addr
2780441912,source,BAG,regular
2780441912,city,Vlaardingen,addr
2780441912,street,Julianalaan,addr
2780441912,date,2014-10-30,source
2780441912,postcode,3135JH,addr
2780441912,housenumber,81,addr
2780442095,source,BAG,regular
2780442095,city,Vlaardingen,addr
2780442095,street,Kethelweg,addr
2780442095,date,2014-10-30,source
2780442095,postcode,3135GM,addr
2780442095,housenumber,86,addr
2780442286,source,BAG,regular
2780442286,city,Vlaardingen,addr
2780442286,street,Emmakade,addr
2780442286,date,2014-10-30,source
2780442286,postcode,3135JD,addr
2780442286,housenumber,9,addr
2780442389,source,BAG,regular
2780442389,city,Vlaardingen,addr
2780442389,street,van Hogendorplaan,addr
2780442389,date,2014-10-30,source
2780442389,postcode,3135BK,addr
2780442389,housenumber,911,addr
2780442677,source,BAG,regular
2780442677,city,Vlaardingen,addr
2780442677,street,Merellaan,addr
2780442677,date,2014-10-30,source
2780442677,postcode,3135KR,addr
2780442677,housenumber,95,addr
2780442876,source,BAG,regular
2780442876,city,Vlaardingen,addr
2780442876,street,Goudsbloemstraat,addr
2780442876,date,2014-10-30,source
2780442876,postcode,3135VJ,addr
2780442876,housenumber,9C,addr
2782238237,source,BAG,regular
2782238237,city,Vlaardingen,addr
2782238237,street,Watersportweg,addr
2782238237,date,2014-10-30,source
2782238237,postcode,3138HD,addr
2782238237,housenumber,102,addr
2782278983,source,BAG,regular
2782278983,city,Vlaardingen,addr
2782278983,street,Louise de Colignylaan,addr
2782278983,date,2014-10-30,source
2782278983,postcode,3136NL,addr
2782278983,housenumber,1,addr
2782279292,source,BAG,regular
2782279292,city,Vlaardingen,addr
2782279292,street,Holysingel,addr
2782279292,date,2014-10-30,source
2782279292,postcode,3136LP,addr
2782279292,housenumber,103,addr
2782280175,source,BAG,regular
2782280175,city,Vlaardingen,addr
2782280175,street,Heiligerleelaan,addr
2782280175,date,2014-10-30,source
2782280175,postcode,3136AJ,addr
2782280175,housenumber,11,addr
2782280630,source,BAG,regular
2782280630,city,Vlaardingen,addr
2782280630,street,Gretha Hofstralaan,addr
2782280630,date,2014-10-30,source
2782280630,postcode,3136LS,addr
2782280630,housenumber,116,addr
2782280964,source,BAG,regular
2782280964,city,Vlaardingen,addr
2782280964,street,Dillenburgsingel,addr
2782280964,date,2014-10-30,source
2782280964,postcode,3136ED,addr
2782280964,housenumber,120,addr
2782281147,source,BAG,regular
2782281147,city,Vlaardingen,addr
2782281147,street,Holysingel,addr
2782281147,date,2014-10-30,source
2782281147,postcode,3136LP,addr
2782281147,housenumber,127,addr
2782281402,source,BAG,regular
2782281402,city,Vlaardingen,addr
2782281402,street,Albertine Agneslaan,addr
2782281402,date,2014-10-30,source
2782281402,postcode,3136NC,addr
2782281402,housenumber,132,addr
2782281685,source,BAG,regular
2782281685,city,Vlaardingen,addr
2782281685,street,Anna van Burenstraat,addr
2782281685,date,2014-10-30,source
2782281685,postcode,3136CG,addr
2782281685,housenumber,14,addr
2782281942,source,BAG,regular
2782281942,city,Vlaardingen,addr
2782281942,street,Holysingel,addr
2782281942,date,2014-10-30,source
2782281942,postcode,3136LD,addr
2782281942,housenumber,146,addr
2782282227,source,BAG,regular
2782282227,city,Vlaardingen,addr
2782282227,street,Dillenburgsingel,addr
2782282227,date,2014-10-30,source
2782282227,postcode,3136ED,addr
2782282227,housenumber,152,addr
2782282495,source,BAG,regular
2782282495,city,Vlaardingen,addr
2782282495,street,Willem Frederikstraat,addr
2782282495,date,2014-10-30,source
2782282495,postcode,3136BR,addr
2782282495,housenumber,16,addr
2782282685,source,BAG,regular
2782282685,city,Vlaardingen,addr
2782282685,street,Frederik Hendriklaan,addr
2782282685,date,2014-10-30,source
2782282685,postcode,3136BC,addr
2782282685,housenumber,17,addr
2782283002,source,BAG,regular
2782283002,city,Vlaardingen,addr
2782283002,street,Albertine Agneslaan,addr
2782283002,date,2014-10-30,source
2782283002,postcode,3136ND,addr
2782283002,housenumber,178,addr
2782283486,source,BAG,regular
2782283486,city,Vlaardingen,addr
2782283486,street,Willem de Zwijgerlaan,addr
2782283486,date,2014-10-30,source
2782283486,postcode,3136AX,addr
2782283486,housenumber,186,addr
2782284249,source,BAG,regular
2782284249,city,Vlaardingen,addr
2782284249,street,Jean Monnetring,addr
2782284249,date,2014-10-30,source
2782284249,postcode,3137DC,addr
2782284249,housenumber,195,addr
2782284630,source,BAG,regular
2782284630,city,Vlaardingen,addr
2782284630,street,Louise de Colignylaan,addr
2782284630,date,2014-10-30,source
2782284630,postcode,3136CP,addr
2782284630,housenumber,20,addr
2782285097,source,BAG,regular
2782285097,city,Vlaardingen,addr
2782285097,street,Ernst Casimirstraat,addr
2782285097,date,2014-10-30,source
2782285097,postcode,3136BA,addr
2782285097,housenumber,21,addr
2782285308,source,BAG,regular
2782285308,city,Vlaardingen,addr
2782285308,street,Maria Louisastraat,addr
2782285308,date,2014-10-30,source
2782285308,postcode,3136BJ,addr
2782285308,housenumber,22,addr
2782285387,source,BAG,regular
2782285387,city,Vlaardingen,addr
2782285387,street,Willem de Zwijgerlaan,addr
2782285387,date,2014-10-30,source
2782285387,postcode,3136AX,addr
2782285387,housenumber,230,addr
2782285683,source,BAG,regular
2782285683,city,Vlaardingen,addr
2782285683,street,Louise de Colignylaan,addr
2782285683,date,2014-10-30,source
2782285683,postcode,3136NP,addr
2782285683,housenumber,243,addr
2782285901,source,BAG,regular
2782285901,city,Vlaardingen,addr
2782285901,street,Albertine Agneslaan,addr
2782285901,date,2014-10-30,source
2782285901,postcode,3136NE,addr
2782285901,housenumber,258,addr
2782286092,source,BAG,regular
2782286092,city,Vlaardingen,addr
2782286092,street,Amalia van Solmslaan,addr
2782286092,date,2014-10-30,source
2782286092,postcode,3136CC,addr
2782286092,housenumber,27,addr
2782286417,source,BAG,regular
2782286417,city,Vlaardingen,addr
2782286417,street,Francijntje de Kadtlaan,addr
2782286417,date,2014-10-30,source
2782286417,postcode,3136LR,addr
2782286417,housenumber,28,addr
2782286536,source,BAG,regular
2782286536,city,Vlaardingen,addr
2782286536,street,Willem Lodewijklaan,addr
2782286536,date,2014-10-30,source
2782286536,postcode,3136BS,addr
2782286536,housenumber,29,addr
2782286832,source,BAG,regular
2782286832,city,Vlaardingen,addr
2782286832,street,Willem de Zwijgerlaan,addr
2782286832,date,2014-10-30,source
2782286832,postcode,3136AS,addr
2782286832,housenumber,2Z-019,addr
2782287000,source,BAG,regular
2782287000,city,Vlaardingen,addr
2782287000,street,Juliana van Stolberglaan,addr
2782287000,date,2014-10-30,source
2782287000,postcode,3136AL,addr
2782287000,housenumber,3,addr
2782287189,source,BAG,regular
2782287189,city,Vlaardingen,addr
2782287189,street,Koninginnelaan,addr
2782287189,date,2014-10-30,source
2782287189,postcode,3136ER,addr
2782287189,housenumber,309,addr
2782287516,source,BAG,regular
2782287516,city,Vlaardingen,addr
2782287516,street,Louise de Colignylaan,addr
2782287516,date,2014-10-30,source
2782287516,postcode,3136CP,addr
2782287516,housenumber,32,addr
2782287804,source,BAG,regular
2782287804,city,Vlaardingen,addr
2782287804,street,Willem de Zwijgerlaan,addr
2782287804,date,2014-10-30,source
2782287804,postcode,3136AX,addr
2782287804,housenumber,330,addr
2782288021,source,BAG,regular
2782288021,city,Vlaardingen,addr
2782288021,street,Koninginnelaan,addr
2782288021,date,2014-10-30,source
2782288021,postcode,3136ER,addr
2782288021,housenumber,343,addr
2782288367,source,BAG,regular
2782288367,city,Vlaardingen,addr
2782288367,street,Dillenburgsingel,addr
2782288367,date,2014-10-30,source
2782288367,postcode,3136EH,addr
2782288367,housenumber,356,addr
2782288525,source,BAG,regular
2782288525,city,Vlaardingen,addr
2782288525,street,Willem de Zwijgerlaan,addr
2782288525,date,2014-10-30,source
2782288525,postcode,3136AX,addr
2782288525,housenumber,368,addr
2782288969,source,BAG,regular
2782288969,city,Vlaardingen,addr
2782288969,street,Louise de Colignylaan,addr
2782288969,date,2014-10-30,source
2782288969,postcode,3136CP,addr
2782288969,housenumber,38,addr
2782289396,source,BAG,regular
2782289396,city,Vlaardingen,addr
2782289396,street,Louise de Colignylaan,addr
2782289396,date,2014-10-30,source
2782289396,postcode,3136NT,addr
2782289396,housenumber,391,addr
2782289861,source,BAG,regular
2782289861,city,Vlaardingen,addr
2782289861,street,Ernst Casimirstraat,addr
2782289861,date,2014-10-30,source
2782289861,postcode,3136BB,addr
2782289861,housenumber,40,addr
2782290204,source,BAG,regular
2782290204,city,Vlaardingen,addr
2782290204,street,Koninginnelaan,addr
2782290204,date,2014-10-30,source
2782290204,postcode,3136ET,addr
2782290204,housenumber,413,addr
2782290624,source,BAG,regular
2782290624,city,Vlaardingen,addr
2782290624,street,De Loper,addr
2782290624,date,2014-10-30,source
2782290624,postcode,3136CM,addr
2782290624,housenumber,43,addr
2782290681,source,BAG,regular
2782290681,city,Vlaardingen,addr
2782290681,street,Holysingel,addr
2782290681,date,2014-10-30,source
2782290681,postcode,3136LJ,addr
2782290681,housenumber,442,addr
2782291033,source,BAG,regular
2782291033,city,Vlaardingen,addr
2782291033,street,Johan Willem Frisolaan,addr
2782291033,date,2014-10-30,source
2782291033,postcode,3136BH,addr
2782291033,housenumber,46,addr
2782291268,source,BAG,regular
2782291268,city,Vlaardingen,addr
2782291268,street,Willem de Zwijgerlaan,addr
2782291268,date,2014-10-30,source
2782291268,postcode,3136AZ,addr
2782291268,housenumber,470Z-216,addr
2782291544,source,BAG,regular
2782291544,city,Vlaardingen,addr
2782291544,street,Willem de Zwijgerlaan,addr
2782291544,date,2014-10-30,source
2782291544,postcode,3136AZ,addr
2782291544,housenumber,470Z-501,addr
2782291878,source,BAG,regular
2782291878,city,Vlaardingen,addr
2782291878,street,Holysingel,addr
2782291878,date,2014-10-30,source
2782291878,postcode,3136LJ,addr
2782291878,housenumber,484,addr
2782292140,source,BAG,regular
2782292140,city,Vlaardingen,addr
2782292140,street,Louise Henriëttestraat,addr
2782292140,date,2014-10-30,source
2782292140,postcode,3136CT,addr
2782292140,housenumber,5,addr
2782292538,source,BAG,regular
2782292538,city,Vlaardingen,addr
2782292538,street,Koninginnelaan,addr
2782292538,date,2014-10-30,source
2782292538,postcode,3136EV,addr
2782292538,housenumber,511,addr
2782293003,source,BAG,regular
2782293003,city,Vlaardingen,addr
2782293003,street,Willem de Zwijgerlaan,addr
2782293003,date,2014-10-30,source
2782293003,postcode,3136AR,addr
2782293003,housenumber,53,addr
2782293144,source,BAG,regular
2782293144,city,Vlaardingen,addr
2782293144,street,Louise de Colignylaan,addr
2782293144,date,2014-10-30,source
2782293144,postcode,3136NL,addr
2782293144,housenumber,55,addr
2782293552,source,BAG,regular
2782293552,city,Vlaardingen,addr
2782293552,street,Gretha Hofstralaan,addr
2782293552,date,2014-10-30,source
2782293552,postcode,3136LS,addr
2782293552,housenumber,57,addr
2782293755,source,BAG,regular
2782293755,city,Vlaardingen,addr
2782293755,street,Willem Frederikstraat,addr
2782293755,date,2014-10-30,source
2782293755,postcode,3136BP,addr
2782293755,housenumber,59,addr
2782294122,source,BAG,regular
2782294122,city,Vlaardingen,addr
2782294122,street,Dillenburgsingel,addr
2782294122,date,2014-10-30,source
2782294122,postcode,3136EB,addr
2782294122,housenumber,6,addr
2782294444,source,BAG,regular
2782294444,city,Vlaardingen,addr
2782294444,street,Holysingel,addr
2782294444,date,2014-10-30,source
2782294444,postcode,3136LM,addr
2782294444,housenumber,614,addr
2782294895,source,BAG,regular
2782294895,city,Vlaardingen,addr
2782294895,street,Johan Willem Frisolaan,addr
2782294895,date,2014-10-30,source
2782294895,postcode,3136BH,addr
2782294895,housenumber,64,addr
2782295264,source,BAG,regular
2782295264,city,Vlaardingen,addr
2782295264,street,Albertine Agneslaan,addr
2782295264,date,2014-10-30,source
2782295264,postcode,3136CA,addr
2782295264,housenumber,67,addr
2782295730,source,BAG,regular
2782295730,city,Vlaardingen,addr
2782295730,street,Ernst Casimirstraat,addr
2782295730,date,2014-10-30,source
2782295730,postcode,3136BA,addr
2782295730,housenumber,7,addr
2782296036,source,BAG,regular
2782296036,city,Vlaardingen,addr
2782296036,street,Albertine Agneslaan,addr
2782296036,date,2014-10-30,source
2782296036,postcode,3136NB,addr
2782296036,housenumber,72,addr
2782296529,source,BAG,regular
2782296529,city,Vlaardingen,addr
2782296529,street,Holysingel,addr
2782296529,date,2014-10-30,source
2782296529,postcode,3136LP,addr
2782296529,housenumber,75,addr
2782296862,source,BAG,regular
2782296862,city,Vlaardingen,addr
2782296862,street,Stadhouderslaan,addr
2782296862,date,2014-10-30,source
2782296862,postcode,3136BL,addr
2782296862,housenumber,79,addr
2782297359,source,BAG,regular
2782297359,city,Vlaardingen,addr
2782297359,street,Amalia van Solmslaan,addr
2782297359,date,2014-10-30,source
2782297359,postcode,3137DE,addr
2782297359,housenumber,81,addr
2782297710,source,BAG,regular
2782297710,city,Vlaardingen,addr
2782297710,street,Albertine Agneslaan,addr
2782297710,date,2014-10-30,source
2782297710,postcode,3136NB,addr
2782297710,housenumber,88,addr
2782298151,source,BAG,regular
2782298151,city,Vlaardingen,addr
2782298151,street,Amalia van Solmslaan,addr
2782298151,date,2014-10-30,source
2782298151,postcode,3137DE,addr
2782298151,housenumber,91,addr
2782298519,source,BAG,regular
2782298519,city,Vlaardingen,addr
2782298519,street,Holysingel,addr
2782298519,date,2014-10-30,source
2782298519,postcode,3136LP,addr
2782298519,housenumber,99,addr
2782299030,source,BAG,regular
2782299030,city,Vlaardingen,addr
2782299030,street,Dillenburgsingel,addr
2782299030,date,2014-10-30,source
2782299030,postcode,3136EA,addr
2782299030,housenumber,9Z-222,addr
2782299371,source,BAG,regular
2782299371,city,Vlaardingen,addr
2782299371,street,Dillenburgsingel,addr
2782299371,date,2014-10-30,source
2782299371,postcode,3136EA,addr
2782299371,housenumber,9Z-509,addr
2782299935,source,BAG,regular
2782299935,city,Vlaardingen,addr
2782299935,street,Dillenburgsingel,addr
2782299935,date,2014-10-30,source
2782299935,postcode,3136EA,addr
2782299935,housenumber,9Z-R411,addr
2782364849,source,BAG,regular
2782364849,city,Vlaardingen,addr
2782364849,street,Bingelkruid,addr
2782364849,date,2014-10-30,source
2782364849,postcode,3137WE,addr
2782364849,housenumber,10,addr
2782365006,source,BAG,regular
2782365006,city,Vlaardingen,addr
2782365006,street,Lariksdreef,addr
2782365006,date,2014-10-30,source
2782365006,postcode,3137PJ,addr
2782365006,housenumber,101,addr
2782365189,source,BAG,regular
2782365189,city,Vlaardingen,addr
2782365189,street,Platanendreef,addr
2782365189,date,2014-10-30,source
2782365189,postcode,3137CP,addr
2782365189,housenumber,105,addr
2782365274,source,BAG,regular
2782365274,city,Vlaardingen,addr
2782365274,street,Acaciadreef,addr
2782365274,date,2014-10-30,source
2782365274,postcode,3137BA,addr
2782365274,housenumber,11,addr
2782365416,source,BAG,regular
2782365416,city,Vlaardingen,addr
2782365416,street,Drevenpark,addr
2782365416,date,2014-10-30,source
2782365416,postcode,3137HB,addr
2782365416,housenumber,111,addr
2782365777,source,BAG,regular
2782365777,city,Vlaardingen,addr
2782365777,street,Nagelkruid,addr
2782365777,date,2014-10-30,source
2782365777,postcode,3137WP,addr
2782365777,housenumber,115,addr
2782366011,source,BAG,regular
2782366011,city,Vlaardingen,addr
2782366011,street,Annie Romein-Verschoorkade,addr
2782366011,date,2014-10-30,source
2782366011,postcode,3137TS,addr
2782366011,housenumber,12,addr
2782366089,source,BAG,regular
2782366089,city,Vlaardingen,addr
2782366089,street,Nagelkruid,addr
2782366089,date,2014-10-30,source
2782366089,postcode,3137WP,addr
2782366089,housenumber,121,addr
2782366211,source,BAG,regular
2782366211,city,Vlaardingen,addr
2782366211,street,Platanendreef,addr
2782366211,date,2014-10-30,source
2782366211,postcode,3137CN,addr
2782366211,housenumber,126,addr
2782366285,source,BAG,regular
2782366285,city,Vlaardingen,addr
2782366285,street,Elzendreef,addr
2782366285,date,2014-10-30,source
2782366285,postcode,3137CB,addr
2782366285,housenumber,13,addr
2782366361,source,BAG,regular
2782366361,city,Vlaardingen,addr
2782366361,street,Populierendreef,addr
2782366361,date,2014-10-30,source
2782366361,postcode,3137CW,addr
2782366361,housenumber,132,addr
2782366612,source,BAG,regular
2782366612,city,Vlaardingen,addr
2782366612,street,Esdoorndreef,addr
2782366612,date,2014-10-30,source
2782366612,postcode,3137BR,addr
2782366612,housenumber,138,addr
2782366783,source,BAG,regular
2782366783,city,Vlaardingen,addr
2782366783,street,Robert Schumanring,addr
2782366783,date,2014-10-30,source
2782366783,postcode,3137VA,addr
2782366783,housenumber,14,addr
2782366849,source,BAG,regular
2782366849,city,Vlaardingen,addr
2782366849,street,Nagelkruid,addr
2782366849,date,2014-10-30,source
2782366849,postcode,3137WP,addr
2782366849,housenumber,145,addr
2782366953,source,BAG,regular
2782366953,city,Vlaardingen,addr
2782366953,street,Drevenpark,addr
2782366953,date,2014-10-30,source
2782366953,postcode,3137HB,addr
2782366953,housenumber,15,addr
2782367023,source,BAG,regular
2782367023,city,Vlaardingen,addr
2782367023,street,Platanendreef,addr
2782367023,date,2014-10-30,source
2782367023,postcode,3137CN,addr
2782367023,housenumber,152,addr
2782367128,source,BAG,regular
2782367128,city,Vlaardingen,addr
2782367128,street,Aletta Jacobskade,addr
2782367128,date,2014-10-30,source
2782367128,postcode,3137TJ,addr
2782367128,housenumber,159,addr
2782367196,source,BAG,regular
2782367196,city,Vlaardingen,addr
2782367196,street,Nagelkruid,addr
2782367196,date,2014-10-30,source
2782367196,postcode,3137WP,addr
2782367196,housenumber,160,addr
2782367363,source,BAG,regular
2782367363,city,Vlaardingen,addr
2782367363,street,Aristide Briandring,addr
2782367363,date,2014-10-30,source
2782367363,postcode,3137DA,addr
2782367363,housenumber,167,addr
2782367454,source,BAG,regular
2782367454,city,Vlaardingen,addr
2782367454,street,Pijnboomdreef,addr
2782367454,date,2014-10-30,source
2782367454,postcode,3137BZ,addr
2782367454,housenumber,17,addr
2782367542,source,BAG,regular
2782367542,city,Vlaardingen,addr
2782367542,street,Robert Schumanring,addr
2782367542,date,2014-10-30,source
2782367542,postcode,3137VA,addr
2782367542,housenumber,178,addr
2782367631,source,BAG,regular
2782367631,city,Vlaardingen,addr
2782367631,street,Robert Schumanring,addr
2782367631,date,2014-10-30,source
2782367631,postcode,3137VA,addr
2782367631,housenumber,180,addr
2782367720,source,BAG,regular
2782367720,city,Vlaardingen,addr
2782367720,street,Dalkruid,addr
2782367720,date,2014-10-30,source
2782367720,postcode,3137WK,addr
2782367720,housenumber,19,addr
2782367806,source,BAG,regular
2782367806,city,Vlaardingen,addr
2782367806,street,Platanendreef,addr
2782367806,date,2014-10-30,source
2782367806,postcode,3137CN,addr
2782367806,housenumber,196,addr
2782367884,source,BAG,regular
2782367884,city,Vlaardingen,addr
2782367884,street,Adenauerlaan,addr
2782367884,date,2014-10-30,source
2782367884,postcode,3137JA,addr
2782367884,housenumber,20,addr
2782368058,source,BAG,regular
2782368058,city,Vlaardingen,addr
2782368058,street,Platanendreef,addr
2782368058,date,2014-10-30,source
2782368058,postcode,3137CN,addr
2782368058,housenumber,204,addr
2782368522,source,BAG,regular
2782368522,city,Vlaardingen,addr
2782368522,street,Platanendreef,addr
2782368522,date,2014-10-30,source
2782368522,postcode,3137CN,addr
2782368522,housenumber,21,addr
2782368762,source,BAG,regular
2782368762,city,Vlaardingen,addr
2782368762,street,Glidkruid,addr
2782368762,date,2014-10-30,source
2782368762,postcode,3137WG,addr
2782368762,housenumber,22,addr
2782369001,source,BAG,regular
2782369001,city,Vlaardingen,addr
2782369001,street,Drevenpark,addr
2782369001,date,2014-10-30,source
2782369001,postcode,3137HB,addr
2782369001,housenumber,23,addr
2782369103,source,BAG,regular
2782369103,city,Vlaardingen,addr
2782369103,street,Carry Pothuiskade,addr
2782369103,date,2014-10-30,source
2782369103,postcode,3137ZA,addr
2782369103,housenumber,24,addr
2782369177,source,BAG,regular
2782369177,city,Vlaardingen,addr
2782369177,street,Gustav Stresemannring,addr
2782369177,date,2014-10-30,source
2782369177,postcode,3137DL,addr
2782369177,housenumber,24E,addr
2782369243,source,BAG,regular
2782369243,city,Vlaardingen,addr
2782369243,street,Robert Schumanring,addr
2782369243,date,2014-10-30,source
2782369243,postcode,3137VB,addr
2782369243,housenumber,257,addr
2782369320,source,BAG,regular
2782369320,city,Vlaardingen,addr
2782369320,street,Acaciadreef,addr
2782369320,date,2014-10-30,source
2782369320,postcode,3137BA,addr
2782369320,housenumber,27,addr
2782369390,source,BAG,regular
2782369390,city,Vlaardingen,addr
2782369390,street,Lariksdreef,addr
2782369390,date,2014-10-30,source
2782369390,postcode,3137PH,addr
2782369390,housenumber,27C,addr
2782369462,source,BAG,regular
2782369462,city,Vlaardingen,addr
2782369462,street,Robert Schumanring,addr
2782369462,date,2014-10-30,source
2782369462,postcode,3137VA,addr
2782369462,housenumber,288,addr
2782369530,source,BAG,regular
2782369530,city,Vlaardingen,addr
2782369530,street,Adenauerlaan,addr
2782369530,date,2014-10-30,source
2782369530,postcode,3137JB,addr
2782369530,housenumber,3,addr
2782369824,source,BAG,regular
2782369824,city,Vlaardingen,addr
2782369824,street,Glidkruid,addr
2782369824,date,2014-10-30,source
2782369824,postcode,3137WG,addr
2782369824,housenumber,30,addr
2782369914,source,BAG,regular
2782369914,city,Vlaardingen,addr
2782369914,street,Sparrendreef,addr
2782369914,date,2014-10-30,source
2782369914,postcode,3137CX,addr
2782369914,housenumber,31,addr
2782370029,source,BAG,regular
2782370029,city,Vlaardingen,addr
2782370029,street,Hazelaardreef,addr
2782370029,date,2014-10-30,source
2782370029,postcode,3137CE,addr
2782370029,housenumber,33,addr
2782370114,source,BAG,regular
2782370114,city,Vlaardingen,addr
2782370114,street,Berkendreef,addr
2782370114,date,2014-10-30,source
2782370114,postcode,3137BC,addr
2782370114,housenumber,35,addr
2782370187,source,BAG,regular
2782370187,city,Vlaardingen,addr
2782370187,street,Paul Henri Spaakring,addr
2782370187,date,2014-10-30,source
2782370187,postcode,3137DJ,addr
2782370187,housenumber,36,addr
2782370256,source,BAG,regular
2782370256,city,Vlaardingen,addr
2782370256,street,Johanna Naberkade,addr
2782370256,date,2014-10-30,source
2782370256,postcode,3137TN,addr
2782370256,housenumber,38,addr
2782370328,source,BAG,regular
2782370328,city,Vlaardingen,addr
2782370328,street,Cipressendreef,addr
2782370328,date,2014-10-30,source
2782370328,postcode,3137PD,addr
2782370328,housenumber,4,addr
2782370398,source,BAG,regular
2782370398,city,Vlaardingen,addr
2782370398,street,Pijnboomdreef,addr
2782370398,date,2014-10-30,source
2782370398,postcode,3137BZ,addr
2782370398,housenumber,40,addr
2782370550,source,BAG,regular
2782370550,city,Vlaardingen,addr
2782370550,street,Annie Romein-Verschoorkade,addr
2782370550,date,2014-10-30,source
2782370550,postcode,3137TS,addr
2782370550,housenumber,42,addr
2782370618,source,BAG,regular
2782370618,city,Vlaardingen,addr
2782370618,street,Paul Henri Spaakring,addr
2782370618,date,2014-10-30,source
2782370618,postcode,3137DH,addr
2782370618,housenumber,43,addr
2782370747,source,BAG,regular
2782370747,city,Vlaardingen,addr
2782370747,street,Gustav Stresemannring,addr
2782370747,date,2014-10-30,source
2782370747,postcode,3137DK,addr
2782370747,housenumber,45,addr
2782371021,source,BAG,regular
2782371021,city,Vlaardingen,addr
2782371021,street,Adenauerlaan,addr
2782371021,date,2014-10-30,source
2782371021,postcode,3137JB,addr
2782371021,housenumber,47,addr
2782371265,source,BAG,regular
2782371265,city,Vlaardingen,addr
2782371265,street,Churchillsingel,addr
2782371265,date,2014-10-30,source
2782371265,postcode,3137XB,addr
2782371265,housenumber,483e,addr
2782371335,source,BAG,regular
2782371335,city,Vlaardingen,addr
2782371335,street,Dalkruid,addr
2782371335,date,2014-10-30,source
2782371335,postcode,3137WK,addr
2782371335,housenumber,5,addr
2782371412,source,BAG,regular
2782371412,city,Vlaardingen,addr
2782371412,street,Churchillsingel,addr
2782371412,date,2014-10-30,source
2782371412,postcode,3137XB,addr
2782371412,housenumber,505,addr
2782371481,source,BAG,regular
2782371481,city,Vlaardingen,addr
2782371481,street,Jean Monnetring,addr
2782371481,date,2014-10-30,source
2782371481,postcode,3137DC,addr
2782371481,housenumber,52,addr
2782371921,source,BAG,regular
2782371921,city,Vlaardingen,addr
2782371921,street,Gustav Stresemannring,addr
2782371921,date,2014-10-30,source
2782371921,postcode,3137DL,addr
2782371921,housenumber,54,addr
2782372234,source,BAG,regular
2782372234,city,Vlaardingen,addr
2782372234,street,Gustav Stresemannring,addr
2782372234,date,2014-10-30,source
2782372234,postcode,3137DL,addr
2782372234,housenumber,56,addr
2782372357,source,BAG,regular
2782372357,city,Vlaardingen,addr
2782372357,street,Fluitekruid,addr
2782372357,date,2014-10-30,source
2782372357,postcode,3137WC,addr
2782372357,housenumber,58,addr
2782372425,source,BAG,regular
2782372425,city,Vlaardingen,addr
2782372425,street,Aristide Briandring,addr
2782372425,date,2014-10-30,source
2782372425,postcode,3137DB,addr
2782372425,housenumber,6,addr
2782372510,source,BAG,regular
2782372510,city,Vlaardingen,addr
2782372510,street,Churchillsingel,addr
2782372510,date,2014-10-30,source
2782372510,postcode,3137XD,addr
2782372510,housenumber,605,addr
2782372623,source,BAG,regular
2782372623,city,Vlaardingen,addr
2782372623,street,Adenauerlaan,addr
2782372623,date,2014-10-30,source
2782372623,postcode,3137JA,addr
2782372623,housenumber,62A,addr
2782372706,source,BAG,regular
2782372706,city,Vlaardingen,addr
2782372706,street,Duizendguldenkruid,addr
2782372706,date,2014-10-30,source
2782372706,postcode,3137WB,addr
2782372706,housenumber,65,addr
2782372776,source,BAG,regular
2782372776,city,Vlaardingen,addr
2782372776,street,Lindendreef,addr
2782372776,date,2014-10-30,source
2782372776,postcode,3137CK,addr
2782372776,housenumber,67,addr
2782372853,source,BAG,regular
2782372853,city,Vlaardingen,addr
2782372853,street,Robert Schumanring,addr
2782372853,date,2014-10-30,source
2782372853,postcode,3137VB,addr
2782372853,housenumber,69,addr
2782372942,source,BAG,regular
2782372942,city,Vlaardingen,addr
2782372942,street,Duizendguldenkruid,addr
2782372942,date,2014-10-30,source
2782372942,postcode,3137WB,addr
2782372942,housenumber,70,addr
2782373091,source,BAG,regular
2782373091,city,Vlaardingen,addr
2782373091,street,Johanna Naberkade,addr
2782373091,date,2014-10-30,source
2782373091,postcode,3137TP,addr
2782373091,housenumber,72,addr
2782373161,source,BAG,regular
2782373161,city,Vlaardingen,addr
2782373161,street,Robert Schumanring,addr
2782373161,date,2014-10-30,source
2782373161,postcode,3137VA,addr
2782373161,housenumber,74,addr
2782373249,source,BAG,regular
2782373249,city,Vlaardingen,addr
2782373249,street,Drevenpark,addr
2782373249,date,2014-10-30,source
2782373249,postcode,3137HB,addr
2782373249,housenumber,77,addr
2782373317,source,BAG,regular
2782373317,city,Vlaardingen,addr
2782373317,street,Robert Schumanring,addr
2782373317,date,2014-10-30,source
2782373317,postcode,3137VB,addr
2782373317,housenumber,79,addr
2782373509,source,BAG,regular
2782373509,city,Vlaardingen,addr
2782373509,street,Robert Schumanring,addr
2782373509,date,2014-10-30,source
2782373509,postcode,3137VA,addr
2782373509,housenumber,8,addr
2782373785,source,BAG,regular
2782373785,city,Vlaardingen,addr
2782373785,street,Jean Monnetring,addr
2782373785,date,2014-10-30,source
2782373785,postcode,3137DC,addr
2782373785,housenumber,82,addr
2782373978,source,BAG,regular
2782373978,city,Vlaardingen,addr
2782373978,street,Robert Schumanring,addr
2782373978,date,2014-10-30,source
2782373978,postcode,3137VA,addr
2782373978,housenumber,84D,addr
2782374046,source,BAG,regular
2782374046,city,Vlaardingen,addr
2782374046,street,Platanendreef,addr
2782374046,date,2014-10-30,source
2782374046,postcode,3137CP,addr
2782374046,housenumber,87,addr
2782374155,source,BAG,regular
2782374155,city,Vlaardingen,addr
2782374155,street,Bingelkruid,addr
2782374155,date,2014-10-30,source
2782374155,postcode,3137WE,addr
2782374155,housenumber,9,addr
2782374226,source,BAG,regular
2782374226,city,Vlaardingen,addr
2782374226,street,Berkendreef,addr
2782374226,date,2014-10-30,source
2782374226,postcode,3137BD,addr
2782374226,housenumber,91,addr
2782374305,source,BAG,regular
2782374305,city,Vlaardingen,addr
2782374305,street,Churchillsingel,addr
2782374305,date,2014-10-30,source
2782374305,postcode,3137XJ,addr
2782374305,housenumber,939,addr
2782374582,source,BAG,regular
2782374582,city,Vlaardingen,addr
2782374582,street,Aletta Jacobskade,addr
2782374582,date,2014-10-30,source
2782374582,postcode,3137TH,addr
2782374582,housenumber,97,addr
2783911513,source,BAG,regular
2783911513,city,Vlaardingen,addr
2783911513,street,Arendstraat,addr
2783911513,date,2014-10-30,source
2783911513,postcode,3136XC,addr
2783911513,housenumber,1,addr
2783911975,source,BAG,regular
2783911975,city,Vlaardingen,addr
2783911975,street,Zwaluwenlaan,addr
2783911975,date,2014-10-30,source
2783911975,postcode,3136TC,addr
2783911975,housenumber,101,addr
2783912477,source,BAG,regular
2783912477,city,Vlaardingen,addr
2783912477,street,Arendstraat,addr
2783912477,date,2014-10-30,source
2783912477,postcode,3136XC,addr
2783912477,housenumber,11,addr
2783912950,source,BAG,regular
2783912950,city,Vlaardingen,addr
2783912950,street,Lepelaarsingel,addr
2783912950,date,2014-10-30,source
2783912950,postcode,3136PC,addr
2783912950,housenumber,116,addr
2783913597,source,BAG,regular
2783913597,city,Vlaardingen,addr
2783913597,street,Aalscholverlaan,addr
2783913597,date,2014-10-30,source
2783913597,postcode,3136KH,addr
2783913597,housenumber,122,addr
2783914219,source,BAG,regular
2783914219,city,Vlaardingen,addr
2783914219,street,Kraanvogellaan,addr
2783914219,date,2014-10-30,source
2783914219,postcode,3136JA,addr
2783914219,housenumber,13,addr
2783914863,source,BAG,regular
2783914863,city,Vlaardingen,addr
2783914863,street,Aalscholverlaan,addr
2783914863,date,2014-10-30,source
2783914863,postcode,3136KC,addr
2783914863,housenumber,139,addr
2783915402,source,BAG,regular
2783915402,city,Vlaardingen,addr
2783915402,street,Aalscholverlaan,addr
2783915402,date,2014-10-30,source
2783915402,postcode,3136KC,addr
2783915402,housenumber,145,addr
2783916031,source,BAG,regular
2783916031,city,Vlaardingen,addr
2783916031,street,Aalscholverlaan,addr
2783916031,date,2014-10-30,source
2783916031,postcode,3136KC,addr
2783916031,housenumber,151,addr
2783916548,source,BAG,regular
2783916548,city,Vlaardingen,addr
2783916548,street,Fazantlaan,addr
2783916548,date,2014-10-30,source
2783916548,postcode,3136RN,addr
2783916548,housenumber,16,addr
2783917354,source,BAG,regular
2783917354,city,Vlaardingen,addr
2783917354,street,Kraanvogellaan,addr
2783917354,date,2014-10-30,source
2783917354,postcode,3136JE,addr
2783917354,housenumber,166,addr
2783917926,source,BAG,regular
2783917926,city,Vlaardingen,addr
2783917926,street,Eksterlaan,addr
2783917926,date,2014-10-30,source
2783917926,postcode,3136SC,addr
2783917926,housenumber,172,addr
2783918525,source,BAG,regular
2783918525,city,Vlaardingen,addr
2783918525,street,Meerkoetstraat,addr
2783918525,date,2014-10-30,source
2783918525,postcode,3136HB,addr
2783918525,housenumber,18,addr
2783919418,source,BAG,regular
2783919418,city,Vlaardingen,addr
2783919418,street,Kraanvogellaan,addr
2783919418,date,2014-10-30,source
2783919418,postcode,3136JG,addr
2783919418,housenumber,188,addr
2783920145,source,BAG,regular
2783920145,city,Vlaardingen,addr
2783920145,street,Aalscholverlaan,addr
2783920145,date,2014-10-30,source
2783920145,postcode,3136KD,addr
2783920145,housenumber,195,addr
2783920771,source,BAG,regular
2783920771,city,Vlaardingen,addr
2783920771,street,Korhoenlaan,addr
2783920771,date,2014-10-30,source
2783920771,postcode,3136ST,addr
2783920771,housenumber,20,addr
2783923175,source,BAG,regular
2783923175,city,Vlaardingen,addr
2783923175,street,Zwaluwenlaan,addr
2783923175,date,2014-10-30,source
2783923175,postcode,3136TG,addr
2783923175,housenumber,207,addr
2783923836,source,BAG,regular
2783923836,city,Vlaardingen,addr
2783923836,street,Lepelaarsingel,addr
2783923836,date,2014-10-30,source
2783923836,postcode,3136PE,addr
2783923836,housenumber,214,addr
2783924454,source,BAG,regular
2783924454,city,Vlaardingen,addr
2783924454,street,Sperwerlaan,addr
2783924454,date,2014-10-30,source
2783924454,postcode,3136GE,addr
2783924454,housenumber,221,addr
2783924956,source,BAG,regular
2783924956,city,Vlaardingen,addr
2783924956,street,Rietgansstraat,addr
2783924956,date,2014-10-30,source
2783924956,postcode,3136JL,addr
2783924956,housenumber,23,addr
2783925584,source,BAG,regular
2783925584,city,Vlaardingen,addr
2783925584,street,Havikstraat,addr
2783925584,date,2014-10-30,source
2783925584,postcode,3136XN,addr
2783925584,housenumber,24,addr
2783926084,source,BAG,regular
2783926084,city,Vlaardingen,addr
2783926084,street,Havikstraat,addr
2783926084,date,2014-10-30,source
2783926084,postcode,3136XM,addr
2783926084,housenumber,25,addr
2783926536,source,BAG,regular
2783926536,city,Vlaardingen,addr
2783926536,street,Eksterlaan,addr
2783926536,date,2014-10-30,source
2783926536,postcode,3136SG,addr
2783926536,housenumber,258,addr
2783927047,source,BAG,regular
2783927047,city,Vlaardingen,addr
2783927047,street,Spechtlaan,addr
2783927047,date,2014-10-30,source
2783927047,postcode,3136HJ,addr
2783927047,housenumber,266,addr
2783927686,source,BAG,regular
2783927686,city,Vlaardingen,addr
2783927686,street,Aalscholverlaan,addr
2783927686,date,2014-10-30,source
2783927686,postcode,3136KL,addr
2783927686,housenumber,274,addr
2783928212,source,BAG,regular
2783928212,city,Vlaardingen,addr
2783928212,street,Zwaluwenlaan,addr
2783928212,date,2014-10-30,source
2783928212,postcode,3136VD,addr
2783928212,housenumber,282,addr
2783928729,source,BAG,regular
2783928729,city,Vlaardingen,addr
2783928729,street,Spechtlaan,addr
2783928729,date,2014-10-30,source
2783928729,postcode,3136HG,addr
2783928729,housenumber,291,addr
2783929156,source,BAG,regular
2783929156,city,Vlaardingen,addr
2783929156,street,Talingstraat,addr
2783929156,date,2014-10-30,source
2783929156,postcode,3136JP,addr
2783929156,housenumber,3,addr
2783929774,source,BAG,regular
2783929774,city,Vlaardingen,addr
2783929774,street,Fazantlaan,addr
2783929774,date,2014-10-30,source
2783929774,postcode,3136RL,addr
2783929774,housenumber,309,addr
2783930190,source,BAG,regular
2783930190,city,Vlaardingen,addr
2783930190,street,Fazantlaan,addr
2783930190,date,2014-10-30,source
2783930190,postcode,3136RL,addr
2783930190,housenumber,319,addr
2783930591,source,BAG,regular
2783930591,city,Vlaardingen,addr
2783930591,street,Fazantlaan,addr
2783930591,date,2014-10-30,source
2783930591,postcode,3136RM,addr
2783930591,housenumber,329,addr
2783930940,source,BAG,regular
2783930940,city,Vlaardingen,addr
2783930940,street,Lepelaarsingel,addr
2783930940,date,2014-10-30,source
2783930940,postcode,3136PJ,addr
2783930940,housenumber,338,addr
2783931354,source,BAG,regular
2783931354,city,Vlaardingen,addr
2783931354,street,Spechtlaan,addr
2783931354,date,2014-10-30,source
2783931354,postcode,3136HH,addr
2783931354,housenumber,347,addr
2783931683,source,BAG,regular
2783931683,city,Vlaardingen,addr
2783931683,street,Zwaluwenlaan,addr
2783931683,date,2014-10-30,source
2783931683,postcode,3136TM,addr
2783931683,housenumber,357,addr
2783932119,source,BAG,regular
2783932119,city,Vlaardingen,addr
2783932119,street,Spechtlaan,addr
2783932119,date,2014-10-30,source
2783932119,postcode,3136HH,addr
2783932119,housenumber,367,addr
2783932465,source,BAG,regular
2783932465,city,Vlaardingen,addr
2783932465,street,Eksterlaan,addr
2783932465,date,2014-10-30,source
2783932465,postcode,3136SK,addr
2783932465,housenumber,378,addr
2783932869,source,BAG,regular
2783932869,city,Vlaardingen,addr
2783932869,street,Zwaluwenlaan,addr
2783932869,date,2014-10-30,source
2783932869,postcode,3136TM,addr
2783932869,housenumber,389,addr
2783933233,source,BAG,regular
2783933233,city,Vlaardingen,addr
2783933233,street,Roerdompstraat,addr
2783933233,date,2014-10-30,source
2783933233,postcode,3136JN,addr
2783933233,housenumber,4,addr
2783933773,source,BAG,regular
2783933773,city,Vlaardingen,addr
2783933773,street,Reigerlaan,addr
2783933773,date,2014-10-30,source
2783933773,postcode,3136JJ,addr
2783933773,housenumber,41,addr
2783934107,source,BAG,regular
2783934107,city,Vlaardingen,addr
2783934107,street,Zwaluwenlaan,addr
2783934107,date,2014-10-30,source
2783934107,postcode,3136TN,addr
2783934107,housenumber,421,addr
2783934422,source,BAG,regular
2783934422,city,Vlaardingen,addr
2783934422,street,Zwaluwenlaan,addr
2783934422,date,2014-10-30,source
2783934422,postcode,3136TN,addr
2783934422,housenumber,435,addr
2783934859,source,BAG,regular
2783934859,city,Vlaardingen,addr
2783934859,street,Fazantlaan,addr
2783934859,date,2014-10-30,source
2783934859,postcode,3136RB,addr
2783934859,housenumber,45,addr
2783935242,source,BAG,regular
2783935242,city,Vlaardingen,addr
2783935242,street,Zwaluwenlaan,addr
2783935242,date,2014-10-30,source
2783935242,postcode,3136TP,addr
2783935242,housenumber,461,addr
2783935672,source,BAG,regular
2783935672,city,Vlaardingen,addr
2783935672,street,Sperwerlaan,addr
2783935672,date,2014-10-30,source
2783935672,postcode,3136GL,addr
2783935672,housenumber,477,addr
2783936039,source,BAG,regular
2783936039,city,Vlaardingen,addr
2783936039,street,Sperwerlaan,addr
2783936039,date,2014-10-30,source
2783936039,postcode,3136GA,addr
2783936039,housenumber,49,addr
2783936428,source,BAG,regular
2783936428,city,Vlaardingen,addr
2783936428,street,Kraanvogellaan,addr
2783936428,date,2014-10-30,source
2783936428,postcode,3136JC,addr
2783936428,housenumber,50,addr
2783936947,source,BAG,regular
2783936947,city,Vlaardingen,addr
2783936947,street,Zwaluwenlaan,addr
2783936947,date,2014-10-30,source
2783936947,postcode,3136TR,addr
2783936947,housenumber,513,addr
2783937245,source,BAG,regular
2783937245,city,Vlaardingen,addr
2783937245,street,Aalscholverlaan,addr
2783937245,date,2014-10-30,source
2783937245,postcode,3136KS,addr
2783937245,housenumber,532,addr
2783937645,source,BAG,regular
2783937645,city,Vlaardingen,addr
2783937645,street,Reigerlaan,addr
2783937645,date,2014-10-30,source
2783937645,postcode,3136JJ,addr
2783937645,housenumber,55,addr
2783938033,source,BAG,regular
2783938033,city,Vlaardingen,addr
2783938033,street,Sperwerlaan,addr
2783938033,date,2014-10-30,source
2783938033,postcode,3136GM,addr
2783938033,housenumber,567,addr
2783938445,source,BAG,regular
2783938445,city,Vlaardingen,addr
2783938445,street,Zwaluwenlaan,addr
2783938445,date,2014-10-30,source
2783938445,postcode,3136TT,addr
2783938445,housenumber,585,addr
2783938796,source,BAG,regular
2783938796,city,Vlaardingen,addr
2783938796,street,Zilvermeeuwlaan,addr
2783938796,date,2014-10-30,source
2783938796,postcode,3136JW,addr
2783938796,housenumber,6,addr
2783939177,source,BAG,regular
2783939177,city,Vlaardingen,addr
2783939177,street,Aalscholverlaan,addr
2783939177,date,2014-10-30,source
2783939177,postcode,3136KV,addr
2783939177,housenumber,614,addr
2783939616,source,BAG,regular
2783939616,city,Vlaardingen,addr
2783939616,street,Eksterlaan,addr
2783939616,date,2014-10-30,source
2783939616,postcode,3136SR,addr
2783939616,housenumber,630,addr
2783939988,source,BAG,regular
2783939988,city,Vlaardingen,addr
2783939988,street,Kraanvogellaan,addr
2783939988,date,2014-10-30,source
2783939988,postcode,3136JB,addr
2783939988,housenumber,65,addr
2783940628,source,BAG,regular
2783940628,city,Vlaardingen,addr
2783940628,street,Sperwerlaan,addr
2783940628,date,2014-10-30,source
2783940628,postcode,3136GP,addr
2783940628,housenumber,667,addr
2783941033,source,BAG,regular
2783941033,city,Vlaardingen,addr
2783941033,street,Wielewaalstraat,addr
2783941033,date,2014-10-30,source
2783941033,postcode,3136JT,addr
2783941033,housenumber,69,addr
2783941476,source,BAG,regular
2783941476,city,Vlaardingen,addr
2783941476,street,Aalscholverlaan,addr
2783941476,date,2014-10-30,source
2783941476,postcode,3136KW,addr
2783941476,housenumber,714,addr
2783941978,source,BAG,regular
2783941978,city,Vlaardingen,addr
2783941978,street,Zwaluwenlaan,addr
2783941978,date,2014-10-30,source
2783941978,postcode,3136TB,addr
2783941978,housenumber,75,addr
2783942441,source,BAG,regular
2783942441,city,Vlaardingen,addr
2783942441,street,Aalscholverlaan,addr
2783942441,date,2014-10-30,source
2783942441,postcode,3136KZ,addr
2783942441,housenumber,794,addr
2783942879,source,BAG,regular
2783942879,city,Vlaardingen,addr
2783942879,street,Kraanvogellaan,addr
2783942879,date,2014-10-30,source
2783942879,postcode,3136JD,addr
2783942879,housenumber,82,addr
2783943310,source,BAG,regular
2783943310,city,Vlaardingen,addr
2783943310,street,Patrijsstraat,addr
2783943310,date,2014-10-30,source
2783943310,postcode,3136HD,addr
2783943310,housenumber,86,addr
2783943660,source,BAG,regular
2783943660,city,Vlaardingen,addr
2783943660,street,Fazantlaan,addr
2783943660,date,2014-10-30,source
2783943660,postcode,3136RC,addr
2783943660,housenumber,91,addr
2783944104,source,BAG,regular
2783944104,city,Vlaardingen,addr
2783944104,street,Zwaluwenlaan,addr
2783944104,date,2014-10-30,source
2783944104,postcode,3136TC,addr
2783944104,housenumber,99,addr
2784024067,source,BAG,regular
2784024067,city,Vlaardingen,addr
2784024067,street,Baarnhoeve,addr
2784024067,date,2014-10-30,source
2784024067,postcode,3137RL,addr
2784024067,housenumber,10,addr
2784024153,source,BAG,regular
2784024153,city,Vlaardingen,addr
2784024153,street,Lissabonweg,addr
2784024153,date,2014-10-30,source
2784024153,postcode,3137LC,addr
2784024153,housenumber,103,addr
2784024225,source,BAG,regular
2784024225,city,Vlaardingen,addr
2784024225,street,Bernweg,addr
2784024225,date,2014-10-30,source
2784024225,postcode,3137NA,addr
2784024225,housenumber,11,addr
2784024279,source,BAG,regular
2784024279,city,Vlaardingen,addr
2784024279,street,Luxemburgweg,addr
2784024279,date,2014-10-30,source
2784024279,postcode,3137AB,addr
2784024279,housenumber,113,addr
2784024475,source,BAG,regular
2784024475,city,Vlaardingen,addr
2784024475,street,Frieslandlaan,addr
2784024475,date,2014-10-30,source
2784024475,postcode,3137GG,addr
2784024475,housenumber,12,addr
2784024540,source,BAG,regular
2784024540,city,Vlaardingen,addr
2784024540,street,Londenweg,addr
2784024540,date,2014-10-30,source
2784024540,postcode,3137LV,addr
2784024540,housenumber,125,addr
2784024594,source,BAG,regular
2784024594,city,Vlaardingen,addr
2784024594,street,Nijkerkhoeve,addr
2784024594,date,2014-10-30,source
2784024594,postcode,3137SJ,addr
2784024594,housenumber,13,addr
2784024644,source,BAG,regular
2784024644,city,Vlaardingen,addr
2784024644,street,Baarnhoeve,addr
2784024644,date,2014-10-30,source
2784024644,postcode,3137RL,addr
2784024644,housenumber,137,addr
2784024706,source,BAG,regular
2784024706,city,Vlaardingen,addr
2784024706,street,Amsterdamlaan,addr
2784024706,date,2014-10-30,source
2784024706,postcode,3137RK,addr
2784024706,housenumber,140,addr
2784024760,source,BAG,regular
2784024760,city,Vlaardingen,addr
2784024760,street,Luxemburgweg,addr
2784024760,date,2014-10-30,source
2784024760,postcode,3137AC,addr
2784024760,housenumber,149,addr
2784024810,source,BAG,regular
2784024810,city,Vlaardingen,addr
2784024810,street,Bernweg,addr
2784024810,date,2014-10-30,source
2784024810,postcode,3137NC,addr
2784024810,housenumber,153,addr
2784024943,source,BAG,regular
2784024943,city,Vlaardingen,addr
2784024943,street,Lochemhoeve,addr
2784024943,date,2014-10-30,source
2784024943,postcode,3137RB,addr
2784024943,housenumber,16,addr
2784025402,source,BAG,regular
2784025402,city,Vlaardingen,addr
2784025402,street,Lissabonweg,addr
2784025402,date,2014-10-30,source
2784025402,postcode,3137LD,addr
2784025402,housenumber,167,addr
2784025650,source,BAG,regular
2784025650,city,Vlaardingen,addr
2784025650,street,Lissabonweg,addr
2784025650,date,2014-10-30,source
2784025650,postcode,3137LD,addr
2784025650,housenumber,171,addr
2784025725,source,BAG,regular
2784025725,city,Vlaardingen,addr
2784025725,street,Domburghoeve,addr
2784025725,date,2014-10-30,source
2784025725,postcode,3137EC,addr
2784025725,housenumber,18,addr
2784025783,source,BAG,regular
2784025783,city,Vlaardingen,addr
2784025783,street,Brusselweg,addr
2784025783,date,2014-10-30,source
2784025783,postcode,3137NN,addr
2784025783,housenumber,187,addr
2784025915,source,BAG,regular
2784025915,city,Vlaardingen,addr
2784025915,street,Londenweg,addr
2784025915,date,2014-10-30,source
2784025915,postcode,3137LW,addr
2784025915,housenumber,191,addr
2784025969,source,BAG,regular
2784025969,city,Vlaardingen,addr
2784025969,street,Axelhoeve,addr
2784025969,date,2014-10-30,source
2784025969,postcode,3137EB,addr
2784025969,housenumber,2,addr
2784026334,source,BAG,regular
2784026334,city,Vlaardingen,addr
2784026334,street,Rillandhoeve,addr
2784026334,date,2014-10-30,source
2784026334,postcode,3137EJ,addr
2784026334,housenumber,20,addr
2784026586,source,BAG,regular
2784026586,city,Vlaardingen,addr
2784026586,street,Gelderlandlaan,addr
2784026586,date,2014-10-30,source
2784026586,postcode,3137SC,addr
2784026586,housenumber,21,addr
2784026886,source,BAG,regular
2784026886,city,Vlaardingen,addr
2784026886,street,Castricumhoeve,addr
2784026886,date,2014-10-30,source
2784026886,postcode,3137RN,addr
2784026886,housenumber,22,addr
2784027005,source,BAG,regular
2784027005,city,Vlaardingen,addr
2784027005,street,Amelandhoeve,addr
2784027005,date,2014-10-30,source
2784027005,postcode,3137GA,addr
2784027005,housenumber,23,addr
2784027077,source,BAG,regular
2784027077,city,Vlaardingen,addr
2784027077,street,Axelhoeve,addr
2784027077,date,2014-10-30,source
2784027077,postcode,3137EB,addr
2784027077,housenumber,24,addr
2784027267,source,BAG,regular
2784027267,city,Vlaardingen,addr
2784027267,street,Brusselweg,addr
2784027267,date,2014-10-30,source
2784027267,postcode,3137NK,addr
2784027267,housenumber,25,addr
2784027381,source,BAG,regular
2784027381,city,Vlaardingen,addr
2784027381,street,Leersumhoeve,addr
2784027381,date,2014-10-30,source
2784027381,postcode,3137RJ,addr
2784027381,housenumber,26,addr
2784027431,source,BAG,regular
2784027431,city,Vlaardingen,addr
2784027431,street,Luxemburgweg,addr
2784027431,date,2014-10-30,source
2784027431,postcode,3137AA,addr
2784027431,housenumber,27,addr
2784027774,source,BAG,regular
2784027774,city,Vlaardingen,addr
2784027774,street,Zoutelandehoeve,addr
2784027774,date,2014-10-30,source
2784027774,postcode,3137EM,addr
2784027774,housenumber,28,addr
2784028061,source,BAG,regular
2784028061,city,Vlaardingen,addr
2784028061,street,Lissabonweg,addr
2784028061,date,2014-10-30,source
2784028061,postcode,3137LH,addr
2784028061,housenumber,293,addr
2784028126,source,BAG,regular
2784028126,city,Vlaardingen,addr
2784028126,street,Bonnweg,addr
2784028126,date,2014-10-30,source
2784028126,postcode,3137NE,addr
2784028126,housenumber,30,addr
2784028176,source,BAG,regular
2784028176,city,Vlaardingen,addr
2784028176,street,Luxemburgweg,addr
2784028176,date,2014-10-30,source
2784028176,postcode,3137AA,addr
2784028176,housenumber,31,addr
2784028308,source,BAG,regular
2784028308,city,Vlaardingen,addr
2784028308,street,Gelderlandlaan,addr
2784028308,date,2014-10-30,source
2784028308,postcode,3137SC,addr
2784028308,housenumber,33,addr
2784028363,source,BAG,regular
2784028363,city,Vlaardingen,addr
2784028363,street,Gaasterlandhoeve,addr
2784028363,date,2014-10-30,source
2784028363,postcode,3137GK,addr
2784028363,housenumber,35,addr
2784028437,source,BAG,regular
2784028437,city,Vlaardingen,addr
2784028437,street,Gelderlandlaan,addr
2784028437,date,2014-10-30,source
2784028437,postcode,3137SC,addr
2784028437,housenumber,37,addr
2784028666,source,BAG,regular
2784028666,city,Vlaardingen,addr
2784028666,street,Lissabonweg,addr
2784028666,date,2014-10-30,source
2784028666,postcode,3137LB,addr
2784028666,housenumber,39,addr
2784028724,source,BAG,regular
2784028724,city,Vlaardingen,addr
2784028724,street,Baarnhoeve,addr
2784028724,date,2014-10-30,source
2784028724,postcode,3137RL,addr
2784028724,housenumber,40,addr
2784028774,source,BAG,regular
2784028774,city,Vlaardingen,addr
2784028774,street,Gelderlandlaan,addr
2784028774,date,2014-10-30,source
2784028774,postcode,3137SE,addr
2784028774,housenumber,42,addr
2784028824,source,BAG,regular
2784028824,city,Vlaardingen,addr
2784028824,street,Zoutelandehoeve,addr
2784028824,date,2014-10-30,source
2784028824,postcode,3137EM,addr
2784028824,housenumber,44,addr
2784029084,source,BAG,regular
2784029084,city,Vlaardingen,addr
2784029084,street,Bonnweg,addr
2784029084,date,2014-10-30,source
2784029084,postcode,3137NE,addr
2784029084,housenumber,47,addr
2784029312,source,BAG,regular
2784029312,city,Vlaardingen,addr
2784029312,street,Terschellinghoeve,addr
2784029312,date,2014-10-30,source
2784029312,postcode,3137GR,addr
2784029312,housenumber,49,addr
2784029390,source,BAG,regular
2784029390,city,Vlaardingen,addr
2784029390,street,Gelderlandlaan,addr
2784029390,date,2014-10-30,source
2784029390,postcode,3137SE,addr
2784029390,housenumber,50,addr
2784029440,source,BAG,regular
2784029440,city,Vlaardingen,addr
2784029440,street,Bonnweg,addr
2784029440,date,2014-10-30,source
2784029440,postcode,3137NE,addr
2784029440,housenumber,53,addr
2784029490,source,BAG,regular
2784029490,city,Vlaardingen,addr
2784029490,street,Lissabonweg,addr
2784029490,date,2014-10-30,source
2784029490,postcode,3137LP,addr
2784029490,housenumber,551,addr
2784029544,source,BAG,regular
2784029544,city,Vlaardingen,addr
2784029544,street,Gelderlandlaan,addr
2784029544,date,2014-10-30,source
2784029544,postcode,3137SC,addr
2784029544,housenumber,59,addr
2784029594,source,BAG,regular
2784029594,city,Vlaardingen,addr
2784029594,street,Renessehoeve,addr
2784029594,date,2014-10-30,source
2784029594,postcode,3137EG,addr
2784029594,housenumber,60,addr
2784029668,source,BAG,regular
2784029668,city,Vlaardingen,addr
2784029668,street,Frieslandlaan,addr
2784029668,date,2014-10-30,source
2784029668,postcode,3137GE,addr
2784029668,housenumber,65,addr
2784029747,source,BAG,regular
2784029747,city,Vlaardingen,addr
2784029747,street,Amelandhoeve,addr
2784029747,date,2014-10-30,source
2784029747,postcode,3137GA,addr
2784029747,housenumber,7,addr
2784029810,source,BAG,regular
2784029810,city,Vlaardingen,addr
2784029810,street,Madridweg,addr
2784029810,date,2014-10-30,source
2784029810,postcode,3137AJ,addr
2784029810,housenumber,71,addr
2784029872,source,BAG,regular
2784029872,city,Vlaardingen,addr
2784029872,street,Brusselweg,addr
2784029872,date,2014-10-30,source
2784029872,postcode,3137NL,addr
2784029872,housenumber,77,addr
2784029922,source,BAG,regular
2784029922,city,Vlaardingen,addr
2784029922,street,Sluishoeve,addr
2784029922,date,2014-10-30,source
2784029922,postcode,3137EK,addr
2784029922,housenumber,8,addr
2784029972,source,BAG,regular
2784029972,city,Vlaardingen,addr
2784029972,street,Bonnweg,addr
2784029972,date,2014-10-30,source
2784029972,postcode,3137NG,addr
2784029972,housenumber,85,addr
2784030059,source,BAG,regular
2784030059,city,Vlaardingen,addr
2784030059,street,Domburghoeve,addr
2784030059,date,2014-10-30,source
2784030059,postcode,3137EC,addr
2784030059,housenumber,9,addr
2784030296,source,BAG,regular
2784030296,city,Vlaardingen,addr
2784030296,street,Londenweg,addr
2784030296,date,2014-10-30,source
2784030296,postcode,3137LT,addr
2784030296,housenumber,93,addr
2785222905,source,BAG,regular
2785222905,city,Schiedam,addr
2785222905,street,Jacob van der Endehof,addr
2785222905,date,2014-10-30,source
2785222905,postcode,3123CS,addr
2785222905,housenumber,1,addr
2785223018,source,BAG,regular
2785223018,city,Schiedam,addr
2785223018,street,Bernardus IJzerdraatsingel,addr
2785223018,date,2014-10-30,source
2785223018,postcode,3123CC,addr
2785223018,housenumber,10,addr
2785223193,source,BAG,regular
2785223193,city,Schiedam,addr
2785223193,street,Wolkaarderstraat,addr
2785223193,date,2014-10-30,source
2785223193,postcode,3123PK,addr
2785223193,housenumber,10,addr
2785223317,source,BAG,regular
2785223317,city,Schiedam,addr
2785223317,street,Royaardsplein,addr
2785223317,date,2014-10-30,source
2785223317,postcode,3123AR,addr
2785223317,housenumber,108,addr
2785223530,source,BAG,regular
2785223530,city,Schiedam,addr
2785223530,street,Kaarsenmakerhof,addr
2785223530,date,2014-10-30,source
2785223530,postcode,3123RB,addr
2785223530,housenumber,11,addr
2785223713,source,BAG,regular
2785223713,city,Schiedam,addr
2785223713,street,Bernardus IJzerdraatsingel,addr
2785223713,date,2014-10-30,source
2785223713,postcode,3123CC,addr
2785223713,housenumber,112,addr
2785223880,source,BAG,regular
2785223880,city,Schiedam,addr
2785223880,street,Frenkelpad,addr
2785223880,date,2014-10-30,source
2785223880,postcode,3123AD,addr
2785223880,housenumber,12,addr
2785224108,source,BAG,regular
2785224108,city,Schiedam,addr
2785224108,street,Heijermansplein,addr
2785224108,date,2014-10-30,source
2785224108,postcode,3123LE,addr
2785224108,housenumber,121,addr
2785224346,source,BAG,regular
2785224346,city,Schiedam,addr
2785224346,street,De la Marplein,addr
2785224346,date,2014-10-30,source
2785224346,postcode,3123AC,addr
2785224346,housenumber,13,addr
2785224651,source,BAG,regular
2785224651,city,Schiedam,addr
2785224651,street,Slot Haamstedepad,addr
2785224651,date,2014-10-30,source
2785224651,postcode,3123RS,addr
2785224651,housenumber,13,addr
2785224885,source,BAG,regular
2785224885,city,Schiedam,addr
2785224885,street,Bouwmeesterweg,addr
2785224885,date,2014-10-30,source
2785224885,postcode,3123AA,addr
2785224885,housenumber,14,addr
2785225095,source,BAG,regular
2785225095,city,Schiedam,addr
2785225095,street,Royaardsplein,addr
2785225095,date,2014-10-30,source
2785225095,postcode,3123AS,addr
2785225095,housenumber,142,addr
2785225303,source,BAG,regular
2785225303,city,Schiedam,addr
2785225303,street,Hoepelmakerhof,addr
2785225303,date,2014-10-30,source
2785225303,postcode,3123RA,addr
2785225303,housenumber,15,addr
2785225530,source,BAG,regular
2785225530,city,Schiedam,addr
2785225530,street,Heijermansplein,addr
2785225530,date,2014-10-30,source
2785225530,postcode,3123LG,addr
2785225530,housenumber,152,addr
2785225767,source,BAG,regular
2785225767,city,Schiedam,addr
2785225767,street,Muiderslotstraat,addr
2785225767,date,2014-10-30,source
2785225767,postcode,3123RM,addr
2785225767,housenumber,16,addr
2785225942,source,BAG,regular
2785225942,city,Schiedam,addr
2785225942,street,Botter,addr
2785225942,date,2014-10-30,source
2785225942,postcode,3123BC,addr
2785225942,housenumber,17,addr
2785226207,source,BAG,regular
2785226207,city,Schiedam,addr
2785226207,street,Slot Assumburgpad,addr
2785226207,date,2014-10-30,source
2785226207,postcode,3123RP,addr
2785226207,housenumber,17,addr
2785226407,source,BAG,regular
2785226407,city,Schiedam,addr
2785226407,street,Heelmeesterstraat,addr
2785226407,date,2014-10-30,source
2785226407,postcode,3123EG,addr
2785226407,housenumber,18,addr
2785226683,source,BAG,regular
2785226683,city,Schiedam,addr
2785226683,street,Aletta Jacobsstraat,addr
2785226683,date,2014-10-30,source
2785226683,postcode,3123SC,addr
2785226683,housenumber,19,addr
2785226889,source,BAG,regular
2785226889,city,Schiedam,addr
2785226889,street,Muiderslotstraat,addr
2785226889,date,2014-10-30,source
2785226889,postcode,3123TA,addr
2785226889,housenumber,19,addr
2785227111,source,BAG,regular
2785227111,city,Schiedam,addr
2785227111,street,Barkentijn,addr
2785227111,date,2014-10-30,source
2785227111,postcode,3123BN,addr
2785227111,housenumber,2,addr
2785227329,source,BAG,regular
2785227329,city,Schiedam,addr
2785227329,street,Aletta Jacobsstraat,addr
2785227329,date,2014-10-30,source
2785227329,postcode,3123SE,addr
2785227329,housenumber,20,addr
2785227565,source,BAG,regular
2785227565,city,Schiedam,addr
2785227565,street,Heijermansplein,addr
2785227565,date,2014-10-30,source
2785227565,postcode,3123LK,addr
2785227565,housenumber,204,addr
2785227975,source,BAG,regular
2785227975,city,Schiedam,addr
2785227975,street,Laseurpad,addr
2785227975,date,2014-10-30,source
2785227975,postcode,3123NR,addr
2785227975,housenumber,21,addr
2785228438,source,BAG,regular
2785228438,city,Schiedam,addr
2785228438,street,De la Marplein,addr
2785228438,date,2014-10-30,source
2785228438,postcode,3123AB,addr
2785228438,housenumber,22,addr
2785228719,source,BAG,regular
2785228719,city,Schiedam,addr
2785228719,street,Arnoldipad,addr
2785228719,date,2014-10-30,source
2785228719,postcode,3123NA,addr
2785228719,housenumber,23,addr
2785229014,source,BAG,regular
2785229014,city,Schiedam,addr
2785229014,street,Slot Moermondstraat,addr
2785229014,date,2014-10-30,source
2785229014,postcode,3123RT,addr
2785229014,housenumber,23,addr
2785229214,source,BAG,regular
2785229214,city,Schiedam,addr
2785229214,street,Laseurpad,addr
2785229214,date,2014-10-30,source
2785229214,postcode,3123NT,addr
2785229214,housenumber,24,addr
2785229482,source,BAG,regular
2785229482,city,Schiedam,addr
2785229482,street,Glazenierstraat,addr
2785229482,date,2014-10-30,source
2785229482,postcode,3123ED,addr
2785229482,housenumber,25,addr
2785229660,source,BAG,regular
2785229660,city,Schiedam,addr
2785229660,street,Heijermansplein,addr
2785229660,date,2014-10-30,source
2785229660,postcode,3123LM,addr
2785229660,housenumber,254,addr
2785230053,source,BAG,regular
2785230053,city,Schiedam,addr
2785230053,street,Ary Koplaan,addr
2785230053,date,2014-10-30,source
2785230053,postcode,3123CA,addr
2785230053,housenumber,27,addr
2785230265,source,BAG,regular
2785230265,city,Schiedam,addr
2785230265,street,Waterstokerstraat,addr
2785230265,date,2014-10-30,source
2785230265,postcode,3123RG,addr
2785230265,housenumber,27,addr
2785230534,source,BAG,regular
2785230534,city,Schiedam,addr
2785230534,street,Arnoldipad,addr
2785230534,date,2014-10-30,source
2785230534,postcode,3123NA,addr
2785230534,housenumber,29,addr
2785230755,source,BAG,regular
2785230755,city,Schiedam,addr
2785230755,street,Zadelmakerhof,addr
2785230755,date,2014-10-30,source
2785230755,postcode,3123RH,addr
2785230755,housenumber,29,addr
2785230979,source,BAG,regular
2785230979,city,Schiedam,addr
2785230979,street,Koggeschip,addr
2785230979,date,2014-10-30,source
2785230979,postcode,3123BK,addr
2785230979,housenumber,3,addr
2785231218,source,BAG,regular
2785231218,city,Schiedam,addr
2785231218,street,Hoppersingel,addr
2785231218,date,2014-10-30,source
2785231218,postcode,3123AJ,addr
2785231218,housenumber,30,addr
2785231446,source,BAG,regular
2785231446,city,Schiedam,addr
2785231446,street,Mary Zeldenruststraat,addr
2785231446,date,2014-10-30,source
2785231446,postcode,3123SP,addr
2785231446,housenumber,31,addr
2785231710,source,BAG,regular
2785231710,city,Schiedam,addr
2785231710,street,Wolkaarderstraat,addr
2785231710,date,2014-10-30,source
2785231710,postcode,3123PK,addr
2785231710,housenumber,32,addr
2785231940,source,BAG,regular
2785231940,city,Schiedam,addr
2785231940,street,De la Marplein,addr
2785231940,date,2014-10-30,source
2785231940,postcode,3123AB,addr
2785231940,housenumber,34,addr
2785232157,source,BAG,regular
2785232157,city,Schiedam,addr
2785232157,street,Royaardsplein,addr
2785232157,date,2014-10-30,source
2785232157,postcode,3123AK,addr
2785232157,housenumber,35,addr
2785232395,source,BAG,regular
2785232395,city,Schiedam,addr
2785232395,street,Bouwmeesterweg,addr
2785232395,date,2014-10-30,source
2785232395,postcode,3123AA,addr
2785232395,housenumber,37,addr
2785232631,source,BAG,regular
2785232631,city,Schiedam,addr
2785232631,street,Laseurpad,addr
2785232631,date,2014-10-30,source
2785232631,postcode,3123NV,addr
2785232631,housenumber,38,addr
2785232842,source,BAG,regular
2785232842,city,Schiedam,addr
2785232842,street,Bernardus IJzerdraatsingel,addr
2785232842,date,2014-10-30,source
2785232842,postcode,3123CC,addr
2785232842,housenumber,4,addr
2785232935,source,BAG,regular
2785232935,city,Schiedam,addr
2785232935,street,Zoomweg,addr
2785232935,date,2014-10-30,source
2785232935,postcode,3123EP,addr
2785232935,housenumber,4,addr
2785233062,source,BAG,regular
2785233062,city,Schiedam,addr
2785233062,street,Scheepvaartweg,addr
2785233062,date,2014-10-30,source
2785233062,postcode,3123ER,addr
2785233062,housenumber,41,addr
2785233433,source,BAG,regular
2785233433,city,Schiedam,addr
2785233433,street,Laseurpad,addr
2785233433,date,2014-10-30,source
2785233433,postcode,3123NS,addr
2785233433,housenumber,43,addr
2785233781,source,BAG,regular
2785233781,city,Schiedam,addr
2785233781,street,Koggeschip,addr
2785233781,date,2014-10-30,source
2785233781,postcode,3123BK,addr
2785233781,housenumber,45,addr
2785233869,source,BAG,regular
2785233869,city,Schiedam,addr
2785233869,street,Muiderslotstraat,addr
2785233869,date,2014-10-30,source
2785233869,postcode,3123TA,addr
2785233869,housenumber,47,addr
2785233974,source,BAG,regular
2785233974,city,Schiedam,addr
2785233974,street,Slot Moermondstraat,addr
2785233974,date,2014-10-30,source
2785233974,postcode,3123RT,addr
2785233974,housenumber,49,addr
2785234065,source,BAG,regular
2785234065,city,Schiedam,addr
2785234065,street,Kolenbranderstraat,addr
2785234065,date,2014-10-30,source
2785234065,postcode,3123RC,addr
2785234065,housenumber,5,addr
2785234171,source,BAG,regular
2785234171,city,Schiedam,addr
2785234171,street,Slot Assumburgpad,addr
2785234171,date,2014-10-30,source
2785234171,postcode,3123RR,addr
2785234171,housenumber,50,addr
2785234265,source,BAG,regular
2785234265,city,Schiedam,addr
2785234265,street,Eduard C F Hellendoornstraat,addr
2785234265,date,2014-10-30,source
2785234265,postcode,3123CN,addr
2785234265,housenumber,53,addr
2785234363,source,BAG,regular
2785234363,city,Schiedam,addr
2785234363,street,Mary Zeldenruststraat,addr
2785234363,date,2014-10-30,source
2785234363,postcode,3123SP,addr
2785234363,housenumber,55,addr
2785234452,source,BAG,regular
2785234452,city,Schiedam,addr
2785234452,street,Bernardus IJzerdraatsingel,addr
2785234452,date,2014-10-30,source
2785234452,postcode,3123CC,addr
2785234452,housenumber,58,addr
2785234561,source,BAG,regular
2785234561,city,Schiedam,addr
2785234561,street,Frans Rietveldpad,addr
2785234561,date,2014-10-30,source
2785234561,postcode,3123CD,addr
2785234561,housenumber,6,addr
2785234656,source,BAG,regular
2785234656,city,Schiedam,addr
2785234656,street,Heijermansplein,addr
2785234656,date,2014-10-30,source
2785234656,postcode,3123LC,addr
2785234656,housenumber,60,addr
2785234741,source,BAG,regular
2785234741,city,Schiedam,addr
2785234741,street,Bouwmeesterweg,addr
2785234741,date,2014-10-30,source
2785234741,postcode,3123AA,addr
2785234741,housenumber,63,addr
2785234817,source,BAG,regular
2785234817,city,Schiedam,addr
2785234817,street,Slot Assumburgpad,addr
2785234817,date,2014-10-30,source
2785234817,postcode,3123RP,addr
2785234817,housenumber,65,addr
2785234901,source,BAG,regular
2785234901,city,Schiedam,addr
2785234901,street,Heelmeesterstraat,addr
2785234901,date,2014-10-30,source
2785234901,postcode,3123EE,addr
2785234901,housenumber,69,addr
2785234986,source,BAG,regular
2785234986,city,Schiedam,addr
2785234986,street,Jan Jacobus Smitpad,addr
2785234986,date,2014-10-30,source
2785234986,postcode,3123CG,addr
2785234986,housenumber,7,addr
2785235089,source,BAG,regular
2785235089,city,Schiedam,addr
2785235089,street,Muiderslotstraat,addr
2785235089,date,2014-10-30,source
2785235089,postcode,3123RM,addr
2785235089,housenumber,70,addr
2785235175,source,BAG,regular
2785235175,city,Schiedam,addr
2785235175,street,Joseph Eijlstraat,addr
2785235175,date,2014-10-30,source
2785235175,postcode,3123ET,addr
2785235175,housenumber,74,addr
2785235295,source,BAG,regular
2785235295,city,Schiedam,addr
2785235295,street,Eduard C F Hellendoornstraat,addr
2785235295,date,2014-10-30,source
2785235295,postcode,3123CN,addr
2785235295,housenumber,79,addr
2785235404,source,BAG,regular
2785235404,city,Schiedam,addr
2785235404,street,Munterstraat,addr
2785235404,date,2014-10-30,source
2785235404,postcode,3123PN,addr
2785235404,housenumber,8,addr
2785235525,source,BAG,regular
2785235525,city,Schiedam,addr
2785235525,street,Hermanus M H Coenradistraat,addr
2785235525,date,2014-10-30,source
2785235525,postcode,3123CM,addr
2785235525,housenumber,83,addr
2785235658,source,BAG,regular
2785235658,city,Schiedam,addr
2785235658,street,Eduard C F Hellendoornstraat,addr
2785235658,date,2014-10-30,source
2785235658,postcode,3123CN,addr
2785235658,housenumber,89,addr
2785235780,source,BAG,regular
2785235780,city,Schiedam,addr
2785235780,street,Jan Jacobus Smitpad,addr
2785235780,date,2014-10-30,source
2785235780,postcode,3123CG,addr
2785235780,housenumber,9,addr
2785235859,source,BAG,regular
2785235859,city,Schiedam,addr
2785235859,street,Eduard C F Hellendoornstraat,addr
2785235859,date,2014-10-30,source
2785235859,postcode,3123CN,addr
2785235859,housenumber,91,addr
2785235953,source,BAG,regular
2785235953,city,Schiedam,addr
2785235953,street,Joseph Eijlstraat,addr
2785235953,date,2014-10-30,source
2785235953,postcode,3123ET,addr
2785235953,housenumber,96,addr
2785340431,source,BAG,regular
2785340431,city,Schiedam,addr
2785340431,street,Göteborg,addr
2785340431,date,2014-10-30,source
2785340431,postcode,3124TK,addr
2785340431,housenumber,1,addr
2785340528,source,BAG,regular
2785340528,city,Schiedam,addr
2785340528,street,Dilleveld,addr
2785340528,date,2014-10-30,source
2785340528,postcode,3124VC,addr
2785340528,housenumber,10,addr
2785340578,source,BAG,regular
2785340578,city,Schiedam,addr
2785340578,street,De Vlinderhoven,addr
2785340578,date,2014-10-30,source
2785340578,postcode,3124BS,addr
2785340578,housenumber,101,addr
2785340628,source,BAG,regular
2785340628,city,Schiedam,addr
2785340628,street,Atalantahof,addr
2785340628,date,2014-10-30,source
2785340628,postcode,3124BA,addr
2785340628,housenumber,11,addr
2785340703,source,BAG,regular
2785340703,city,Schiedam,addr
2785340703,street,Vlasakker,addr
2785340703,date,2014-10-30,source
2785340703,postcode,3124AJ,addr
2785340703,housenumber,11,addr
2785340799,source,BAG,regular
2785340799,city,Schiedam,addr
2785340799,street,Groeneweg,addr
2785340799,date,2014-10-30,source
2785340799,postcode,3124KA,addr
2785340799,housenumber,12,addr
2785340903,source,BAG,regular
2785340903,city,Schiedam,addr
2785340903,street,Olof Palmeborg,addr
2785340903,date,2014-10-30,source
2785340903,postcode,3124TS,addr
2785340903,housenumber,128,addr
2785341125,source,BAG,regular
2785341125,city,Schiedam,addr
2785341125,street,Tundradal,addr
2785341125,date,2014-10-30,source
2785341125,postcode,3124NG,addr
2785341125,housenumber,13,addr
2785341244,source,BAG,regular
2785341244,city,Schiedam,addr
2785341244,street,Mieriksveld,addr
2785341244,date,2014-10-30,source
2785341244,postcode,3124CK,addr
2785341244,housenumber,14,addr
2785341379,source,BAG,regular
2785341379,city,Schiedam,addr
2785341379,street,Göteborg,addr
2785341379,date,2014-10-30,source
2785341379,postcode,3124TK,addr
2785341379,housenumber,15,addr
2785341646,source,BAG,regular
2785341646,city,Schiedam,addr
2785341646,street,Freijaholm,addr
2785341646,date,2014-10-30,source
2785341646,postcode,3124SB,addr
2785341646,housenumber,16,addr
2785341928,source,BAG,regular
2785341928,city,Schiedam,addr
2785341928,street,Carolus Linnaeusborg,addr
2785341928,date,2014-10-30,source
2785341928,postcode,3124TP,addr
2785341928,housenumber,17,addr
2785342141,source,BAG,regular
2785342141,city,Schiedam,addr
2785342141,street,De Akkers,addr
2785342141,date,2014-10-30,source
2785342141,postcode,3124AD,addr
2785342141,housenumber,18,addr
2785342299,source,BAG,regular
2785342299,city,Schiedam,addr
2785342299,street,Dagpauwooghof,addr
2785342299,date,2014-10-30,source
2785342299,postcode,3124BE,addr
2785342299,housenumber,19,addr
2785342513,source,BAG,regular
2785342513,city,Schiedam,addr
2785342513,street,Dag Hammarskjöldborg,addr
2785342513,date,2014-10-30,source
2785342513,postcode,3124TL,addr
2785342513,housenumber,2,addr
2785342614,source,BAG,regular
2785342614,city,Schiedam,addr
2785342614,street,Betedal,addr
2785342614,date,2014-10-30,source
2785342614,postcode,3124NA,addr
2785342614,housenumber,20,addr
2785342714,source,BAG,regular
2785342714,city,Schiedam,addr
2785342714,street,De Akkers,addr
2785342714,date,2014-10-30,source
2785342714,postcode,3124AC,addr
2785342714,housenumber,21,addr
2785342864,source,BAG,regular
2785342864,city,Schiedam,addr
2785342864,street,Hammerdal,addr
2785342864,date,2014-10-30,source
2785342864,postcode,3124NB,addr
2785342864,housenumber,22,addr
2785343006,source,BAG,regular
2785343006,city,Schiedam,addr
2785343006,street,Lavendelveld,addr
2785343006,date,2014-10-30,source
2785343006,postcode,3124CH,addr
2785343006,housenumber,23,addr
2785343088,source,BAG,regular
2785343088,city,Schiedam,addr
2785343088,street,Trelleborg,addr
2785343088,date,2014-10-30,source
2785343088,postcode,3124TG,addr
2785343088,housenumber,24,addr
2785343340,source,BAG,regular
2785343340,city,Schiedam,addr
2785343340,street,Helsingborg,addr
2785343340,date,2014-10-30,source
2785343340,postcode,3124TD,addr
2785343340,housenumber,26,addr
2785343537,source,BAG,regular
2785343537,city,Schiedam,addr
2785343537,street,Bieslookveld,addr
2785343537,date,2014-10-30,source
2785343537,postcode,3124VB,addr
2785343537,housenumber,28,addr
2785343679,source,BAG,regular
2785343679,city,Schiedam,addr
2785343679,street,Koolzaadakker,addr
2785343679,date,2014-10-30,source
2785343679,postcode,3124AH,addr
2785343679,housenumber,29,addr
2785343829,source,BAG,regular
2785343829,city,Schiedam,addr
2785343829,street,Malmö,addr
2785343829,date,2014-10-30,source
2785343829,postcode,3124KG,addr
2785343829,housenumber,3,addr
2785344111,source,BAG,regular
2785344111,city,Schiedam,addr
2785344111,street,Mieriksveld,addr
2785344111,date,2014-10-30,source
2785344111,postcode,3124CK,addr
2785344111,housenumber,30,addr
2785344233,source,BAG,regular
2785344233,city,Schiedam,addr
2785344233,street,Gerstakker,addr
2785344233,date,2014-10-30,source
2785344233,postcode,3124XA,addr
2785344233,housenumber,32,addr
2785344345,source,BAG,regular
2785344345,city,Schiedam,addr
2785344345,street,Bieslookveld,addr
2785344345,date,2014-10-30,source
2785344345,postcode,3124VB,addr
2785344345,housenumber,34,addr
2785344534,source,BAG,regular
2785344534,city,Schiedam,addr
2785344534,street,Vlasakker,addr
2785344534,date,2014-10-30,source
2785344534,postcode,3124AJ,addr
2785344534,housenumber,35,addr
2785344684,source,BAG,regular
2785344684,city,Schiedam,addr
2785344684,street,Veldpad,addr
2785344684,date,2014-10-30,source
2785344684,postcode,3124VL,addr
2785344684,housenumber,37,addr
2785344818,source,BAG,regular
2785344818,city,Schiedam,addr
2785344818,street,ABBAborg,addr
2785344818,date,2014-10-30,source
2785344818,postcode,3124TA,addr
2785344818,housenumber,4,addr
2785345049,source,BAG,regular
2785345049,city,Schiedam,addr
2785345049,street,Speltakker,addr
2785345049,date,2014-10-30,source
2785345049,postcode,3124XK,addr
2785345049,housenumber,4,addr
2785345192,source,BAG,regular
2785345192,city,Schiedam,addr
2785345192,street,Veldpad,addr
2785345192,date,2014-10-30,source
2785345192,postcode,3124VL,addr
2785345192,housenumber,41,addr
2785345320,source,BAG,regular
2785345320,city,Schiedam,addr
2785345320,street,De Velden,addr
2785345320,date,2014-10-30,source
2785345320,postcode,3124CP,addr
2785345320,housenumber,44,addr
2785345478,source,BAG,regular
2785345478,city,Schiedam,addr
2785345478,street,Odinholm,addr
2785345478,date,2014-10-30,source
2785345478,postcode,3124SC,addr
2785345478,housenumber,46,addr
2785345544,source,BAG,regular
2785345544,city,Schiedam,addr
2785345544,street,Gerstakker,addr
2785345544,date,2014-10-30,source
2785345544,postcode,3124XA,addr
2785345544,housenumber,49,addr
2785345697,source,BAG,regular
2785345697,city,Schiedam,addr
2785345697,street,Odinholm,addr
2785345697,date,2014-10-30,source
2785345697,postcode,3124SC,addr
2785345697,housenumber,5,addr
2785345866,source,BAG,regular
2785345866,city,Schiedam,addr
2785345866,street,Kerkweg,addr
2785345866,date,2014-10-30,source
2785345866,postcode,3124KD,addr
2785345866,housenumber,51,addr
2785346046,source,BAG,regular
2785346046,city,Schiedam,addr
2785346046,street,Dilleveld,addr
2785346046,date,2014-10-30,source
2785346046,postcode,3124VC,addr
2785346046,housenumber,54,addr
2785346326,source,BAG,regular
2785346326,city,Schiedam,addr
2785346326,street,De Akkers,addr
2785346326,date,2014-10-30,source
2785346326,postcode,3124AC,addr
2785346326,housenumber,57,addr
2785346473,source,BAG,regular
2785346473,city,Schiedam,addr
2785346473,street,Astrid Lindgrenborg,addr
2785346473,date,2014-10-30,source
2785346473,postcode,3124TN,addr
2785346473,housenumber,6,addr
2785346639,source,BAG,regular
2785346639,city,Schiedam,addr
2785346639,street,Thorholm,addr
2785346639,date,2014-10-30,source
2785346639,postcode,3124SH,addr
2785346639,housenumber,6,addr
2785346761,source,BAG,regular
2785346761,city,Schiedam,addr
2785346761,street,Helsingborg,addr
2785346761,date,2014-10-30,source
2785346761,postcode,3124TD,addr
2785346761,housenumber,62,addr
2785346840,source,BAG,regular
2785346840,city,Schiedam,addr
2785346840,street,Veldpad,addr
2785346840,date,2014-10-30,source
2785346840,postcode,3124VL,addr
2785346840,housenumber,65,addr
2785346990,source,BAG,regular
2785346990,city,Schiedam,addr
2785346990,street,Koolwitjehof,addr
2785346990,date,2014-10-30,source
2785346990,postcode,3124BJ,addr
2785346990,housenumber,69,addr
2785347140,source,BAG,regular
2785347140,city,Schiedam,addr
2785347140,street,Skogdal,addr
2785347140,date,2014-10-30,source
2785347140,postcode,3124NE,addr
2785347140,housenumber,7,addr
2785347200,source,BAG,regular
2785347200,city,Schiedam,addr
2785347200,street,De Velden,addr
2785347200,date,2014-10-30,source
2785347200,postcode,3124CN,addr
2785347200,housenumber,73,addr
2785347362,source,BAG,regular
2785347362,city,Schiedam,addr
2785347362,street,De Akkers,addr
2785347362,date,2014-10-30,source
2785347362,postcode,3124AD,addr
2785347362,housenumber,78,addr
2785347542,source,BAG,regular
2785347542,city,Schiedam,addr
2785347542,street,Koolwitjehof,addr
2785347542,date,2014-10-30,source
2785347542,postcode,3124BG,addr
2785347542,housenumber,8,addr
2785347733,source,BAG,regular
2785347733,city,Schiedam,addr
2785347733,street,Veldpad,addr
2785347733,date,2014-10-30,source
2785347733,postcode,3124VL,addr
2785347733,housenumber,81,addr
2785347882,source,BAG,regular
2785347882,city,Schiedam,addr
2785347882,street,Malmö,addr
2785347882,date,2014-10-30,source
2785347882,postcode,3124KG,addr
2785347882,housenumber,86,addr
2785348094,source,BAG,regular
2785348094,city,Schiedam,addr
2785348094,street,Helsingborg,addr
2785348094,date,2014-10-30,source
2785348094,postcode,3124TD,addr
2785348094,housenumber,9,addr
2785348248,source,BAG,regular
2785348248,city,Schiedam,addr
2785348248,street,De Velden,addr
2785348248,date,2014-10-30,source
2785348248,postcode,3124CP,addr
2785348248,housenumber,92,addr
2785403882,source,BAG,regular
2785403882,city,Schiedam,addr
2785403882,street,Polderweg,addr
2785403882,date,2014-10-30,source
2785403882,postcode,3125KE,addr
2785403882,housenumber,102,addr
2785404353,source,BAG,regular
2785404353,city,Schiedam,addr
2785404353,street,Tornefors,addr
2785404353,date,2014-10-30,source
2785404353,postcode,3124RC,addr
2785404353,housenumber,16,addr
2785404752,source,BAG,regular
2785404752,city,Schiedam,addr
2785404752,street,Umefors,addr
2785404752,date,2014-10-30,source
2785404752,postcode,3124RD,addr
2785404752,housenumber,21,addr
2785405027,source,BAG,regular
2785405027,city,Schiedam,addr
2785405027,street,Buitenkerklaan,addr
2785405027,date,2014-10-30,source
2785405027,postcode,3125KC,addr
2785405027,housenumber,28,addr
2785405273,source,BAG,regular
2785405273,city,Schiedam,addr
2785405273,street,Degerfors,addr
2785405273,date,2014-10-30,source
2785405273,postcode,3124RA,addr
2785405273,housenumber,46,addr
2785405336,source,BAG,regular
2785405336,city,Schiedam,addr
2785405336,street,Kalixfors,addr
2785405336,date,2014-10-30,source
2785405336,postcode,3124RB,addr
2785405336,housenumber,64,addr
2785405400,source,BAG,regular
2785405400,city,Schiedam,addr
2785405400,street,Kalixfors,addr
2785405400,date,2014-10-30,source
2785405400,postcode,3124RB,addr
2785405400,housenumber,83,addr
2785436291,source,BAG,regular
2785436291,city,Schiedam,addr
2785436291,street,Algerastraat,addr
2785436291,date,2014-10-30,source
2785436291,postcode,3125BS,addr
2785436291,housenumber,14A,addr
2785436975,source,BAG,regular
2785436975,city,Schiedam,addr
2785436975,street,'s-Gravelandseweg,addr
2785436975,date,2014-10-30,source
2785436975,postcode,3125BK,addr
2785436975,housenumber,276,addr
2785437424,source,BAG,regular
2785437424,city,Schiedam,addr
2785437424,street,Van Heekstraat,addr
2785437424,date,2014-10-30,source
2785437424,postcode,3125BN,addr
2785437424,housenumber,37B,addr
2785437640,source,BAG,regular
2785437640,city,Schiedam,addr
2785437640,street,Spykerstraat,addr
2785437640,date,2014-10-30,source
2785437640,postcode,3125BZ,addr
2785437640,housenumber,5,addr
2785437848,source,BAG,regular
2785437848,city,Schiedam,addr
2785437848,street,Calandstraat,addr
2785437848,date,2014-10-30,source
2785437848,postcode,3125BA,addr
2785437848,housenumber,79,addr
2785471932,source,BAG,regular
2785471932,city,Schiedam,addr
2785471932,street,Hargsingel,addr
2785471932,date,2014-10-30,source
2785471932,postcode,3121VH,addr
2785471932,housenumber,1,addr
2785471994,source,BAG,regular
2785471994,city,Schiedam,addr
2785471994,street,Koekoekslaan,addr
2785471994,date,2014-10-30,source
2785471994,postcode,3121XK,addr
2785471994,housenumber,10,addr
2785472090,source,BAG,regular
2785472090,city,Schiedam,addr
2785472090,street,Ringvaart,addr
2785472090,date,2014-10-30,source
2785472090,postcode,3124PB,addr
2785472090,housenumber,107,addr
2785472188,source,BAG,regular
2785472188,city,Schiedam,addr
2785472188,street,Hargplein,addr
2785472188,date,2014-10-30,source
2785472188,postcode,3121VG,addr
2785472188,housenumber,110,addr
2785472267,source,BAG,regular
2785472267,city,Schiedam,addr
2785472267,street,Gaardenpad,addr
2785472267,date,2014-10-30,source
2785472267,postcode,3124WJ,addr
2785472267,housenumber,12,addr
2785472328,source,BAG,regular
2785472328,city,Schiedam,addr
2785472328,street,Hargplein,addr
2785472328,date,2014-10-30,source
2785472328,postcode,3121VG,addr
2785472328,housenumber,125,addr
2785472395,source,BAG,regular
2785472395,city,Schiedam,addr
2785472395,street,Rietkraag,addr
2785472395,date,2014-10-30,source
2785472395,postcode,3121TC,addr
2785472395,housenumber,13,addr
2785472504,source,BAG,regular
2785472504,city,Schiedam,addr
2785472504,street,Koekoekslaan,addr
2785472504,date,2014-10-30,source
2785472504,postcode,3121XK,addr
2785472504,housenumber,14,addr
2785472603,source,BAG,regular
2785472603,city,Schiedam,addr
2785472603,street,Frambozengaarde,addr
2785472603,date,2014-10-30,source
2785472603,postcode,3124WG,addr
2785472603,housenumber,15,addr
2785472662,source,BAG,regular
2785472662,city,Schiedam,addr
2785472662,street,Zwaluwlaan,addr
2785472662,date,2014-10-30,source
2785472662,postcode,3121CE,addr
2785472662,housenumber,158,addr
2785472819,source,BAG,regular
2785472819,city,Schiedam,addr
2785472819,street,Hargplein,addr
2785472819,date,2014-10-30,source
2785472819,postcode,3121VG,addr
2785472819,housenumber,168,addr
2785472885,source,BAG,regular
2785472885,city,Schiedam,addr
2785472885,street,Hargplein,addr
2785472885,date,2014-10-30,source
2785472885,postcode,3121VG,addr
2785472885,housenumber,178,addr
2785473071,source,BAG,regular
2785473071,city,Schiedam,addr
2785473071,street,De Gaarden,addr
2785473071,date,2014-10-30,source
2785473071,postcode,3124WH,addr
2785473071,housenumber,19,addr
2785473134,source,BAG,regular
2785473134,city,Schiedam,addr
2785473134,street,Kerklaan,addr
2785473134,date,2014-10-30,source
2785473134,postcode,3121KD,addr
2785473134,housenumber,2,addr
2785473251,source,BAG,regular
2785473251,city,Schiedam,addr
2785473251,street,Zwaluwlaan,addr
2785473251,date,2014-10-30,source
2785473251,postcode,3121CG,addr
2785473251,housenumber,206,addr
2785473352,source,BAG,regular
2785473352,city,Schiedam,addr
2785473352,street,Perenlaan,addr
2785473352,date,2014-10-30,source
2785473352,postcode,3121AM,addr
2785473352,housenumber,22,addr
2785473685,source,BAG,regular
2785473685,city,Schiedam,addr
2785473685,street,Hargplein,addr
2785473685,date,2014-10-30,source
2785473685,postcode,3121VB,addr
2785473685,housenumber,24,addr
2785473934,source,BAG,regular
2785473934,city,Schiedam,addr
2785473934,street,Zwaluwlaan,addr
2785473934,date,2014-10-30,source
2785473934,postcode,3121CH,addr
2785473934,housenumber,256,addr
2785474250,source,BAG,regular
2785474250,city,Schiedam,addr
2785474250,street,Weide,addr
2785474250,date,2014-10-30,source
2785474250,postcode,3121XT,addr
2785474250,housenumber,27,addr
2785474513,source,BAG,regular
2785474513,city,Schiedam,addr
2785474513,street,Rietkraag,addr
2785474513,date,2014-10-30,source
2785474513,postcode,3121TC,addr
2785474513,housenumber,29,addr
2785475424,source,BAG,regular
2785475424,city,Schiedam,addr
2785475424,street,Vlaardingseweg,addr
2785475424,date,2014-10-30,source
2785475424,postcode,3121JM,addr
2785475424,housenumber,3,addr
2785475885,source,BAG,regular
2785475885,city,Schiedam,addr
2785475885,street,Zwaluwlaan,addr
2785475885,date,2014-10-30,source
2785475885,postcode,3121CJ,addr
2785475885,housenumber,312,addr
2785476515,source,BAG,regular
2785476515,city,Schiedam,addr
2785476515,street,Zwaluwlaan,addr
2785476515,date,2014-10-30,source
2785476515,postcode,3121CJ,addr
2785476515,housenumber,332,addr
2785476928,source,BAG,regular
2785476928,city,Schiedam,addr
2785476928,street,Oever,addr
2785476928,date,2014-10-30,source
2785476928,postcode,3121XS,addr
2785476928,housenumber,36,addr
2785477567,source,BAG,regular
2785477567,city,Schiedam,addr
2785477567,street,Doctor Sauerstraat,addr
2785477567,date,2014-10-30,source
2785477567,postcode,3121JA,addr
2785477567,housenumber,4,addr
2785478203,source,BAG,regular
2785478203,city,Schiedam,addr
2785478203,street,Hargsingel,addr
2785478203,date,2014-10-30,source
2785478203,postcode,3121VH,addr
2785478203,housenumber,41,addr
2785479079,source,BAG,regular
2785479079,city,Schiedam,addr
2785479079,street,Schiedamseweg,addr
2785479079,date,2014-10-30,source
2785479079,postcode,3121JE,addr
2785479079,housenumber,43A,addr
2785479417,source,BAG,regular
2785479417,city,Schiedam,addr
2785479417,street,Koekoekslaan,addr
2785479417,date,2014-10-30,source
2785479417,postcode,3121XJ,addr
2785479417,housenumber,47,addr
2785480341,source,BAG,regular
2785480341,city,Schiedam,addr
2785480341,street,Laagland,addr
2785480341,date,2014-10-30,source
2785480341,postcode,3121TA,addr
2785480341,housenumber,5,addr
2785480630,source,BAG,regular
2785480630,city,Schiedam,addr
2785480630,street,Kerklaan,addr
2785480630,date,2014-10-30,source
2785480630,postcode,3121KE,addr
2785480630,housenumber,52,addr
2785480941,source,BAG,regular
2785480941,city,Schiedam,addr
2785480941,street,Schiedamseweg,addr
2785480941,date,2014-10-30,source
2785480941,postcode,3121JJ,addr
2785480941,housenumber,56,addr
2785481287,source,BAG,regular
2785481287,city,Schiedam,addr
2785481287,street,Kerklaan,addr
2785481287,date,2014-10-30,source
2785481287,postcode,3121KD,addr
2785481287,housenumber,6,addr
2785481675,source,BAG,regular
2785481675,city,Schiedam,addr
2785481675,street,Schiedamseweg,addr
2785481675,date,2014-10-30,source
2785481675,postcode,3121JJ,addr
2785481675,housenumber,62,addr
2785482047,source,BAG,regular
2785482047,city,Schiedam,addr
2785482047,street,Hof van Spaland,addr
2785482047,date,2014-10-30,source
2785482047,postcode,3121CA,addr
2785482047,housenumber,69,addr
2785482435,source,BAG,regular
2785482435,city,Schiedam,addr
2785482435,street,Vlaardingseweg,addr
2785482435,date,2014-10-30,source
2785482435,postcode,3121JM,addr
2785482435,housenumber,7,addr
2785482890,source,BAG,regular
2785482890,city,Schiedam,addr
2785482890,street,Ringvaart,addr
2785482890,date,2014-10-30,source
2785482890,postcode,3124PB,addr
2785482890,housenumber,77,addr
2785483492,source,BAG,regular
2785483492,city,Schiedam,addr
2785483492,street,Hargplein,addr
2785483492,date,2014-10-30,source
2785483492,postcode,3121VE,addr
2785483492,housenumber,80,addr
2785483885,source,BAG,regular
2785483885,city,Schiedam,addr
2785483885,street,Druivengaarde,addr
2785483885,date,2014-10-30,source
2785483885,postcode,3124WE,addr
2785483885,housenumber,9,addr
2785484173,source,BAG,regular
2785484173,city,Schiedam,addr
2785484173,street,Schiedamseweg,addr
2785484173,date,2014-10-30,source
2785484173,postcode,3121JG,addr
2785484173,housenumber,93,addr
2785579698,source,BAG,regular
2785579698,city,Schiedam,addr
2785579698,street,Willem Andriessenlaan,addr
2785579698,date,2014-10-30,source
2785579698,postcode,3122JS,addr
2785579698,housenumber,1,addr
2785579800,source,BAG,regular
2785579800,city,Schiedam,addr
2785579800,street,Sibeliusplein,addr
2785579800,date,2014-10-30,source
2785579800,postcode,3122XA,addr
2785579800,housenumber,100,addr
2785580046,source,BAG,regular
2785580046,city,Schiedam,addr
2785580046,street,Chopinplein,addr
2785580046,date,2014-10-30,source
2785580046,postcode,3122VM,addr
2785580046,housenumber,103,addr
2785580202,source,BAG,regular
2785580202,city,Schiedam,addr
2785580202,street,Jozef Oreliosingel,addr
2785580202,date,2014-10-30,source
2785580202,postcode,3122CN,addr
2785580202,housenumber,105,addr
2785580637,source,BAG,regular
2785580637,city,Schiedam,addr
2785580637,street,Smetanalaan,addr
2785580637,date,2014-10-30,source
2785580637,postcode,3122HN,addr
2785580637,housenumber,107,addr
2785580807,source,BAG,regular
2785580807,city,Schiedam,addr
2785580807,street,Sem Dresdenplein,addr
2785580807,date,2014-10-30,source
2785580807,postcode,3122GE,addr
2785580807,housenumber,109,addr
2785581037,source,BAG,regular
2785581037,city,Schiedam,addr
2785581037,street,Smetanalaan,addr
2785581037,date,2014-10-30,source
2785581037,postcode,3122HR,addr
2785581037,housenumber,110,addr
2785581242,source,BAG,regular
2785581242,city,Schiedam,addr
2785581242,street,Jozef Oreliosingel,addr
2785581242,date,2014-10-30,source
2785581242,postcode,3122CN,addr
2785581242,housenumber,113,addr
2785581465,source,BAG,regular
2785581465,city,Schiedam,addr
2785581465,street,Bachplein,addr
2785581465,date,2014-10-30,source
2785581465,postcode,3122KG,addr
2785581465,housenumber,116,addr
2785581678,source,BAG,regular
2785581678,city,Schiedam,addr
2785581678,street,Sem Dresdenplein,addr
2785581678,date,2014-10-30,source
2785581678,postcode,3122GE,addr
2785581678,housenumber,118,addr
2785581911,source,BAG,regular
2785581911,city,Schiedam,addr
2785581911,street,Willem Andriessenlaan,addr
2785581911,date,2014-10-30,source
2785581911,postcode,3122JT,addr
2785581911,housenumber,12,addr
2785582104,source,BAG,regular
2785582104,city,Schiedam,addr
2785582104,street,Obrechtstraat,addr
2785582104,date,2014-10-30,source
2785582104,postcode,3122AK,addr
2785582104,housenumber,122,addr
2785582292,source,BAG,regular
2785582292,city,Schiedam,addr
2785582292,street,Jozef Oreliosingel,addr
2785582292,date,2014-10-30,source
2785582292,postcode,3122CP,addr
2785582292,housenumber,125,addr
2785582495,source,BAG,regular
2785582495,city,Schiedam,addr
2785582495,street,Dirk Schäferplein,addr
2785582495,date,2014-10-30,source
2785582495,postcode,3122EG,addr
2785582495,housenumber,128,addr
2785582758,source,BAG,regular
2785582758,city,Schiedam,addr
2785582758,street,Smetanalaan,addr
2785582758,date,2014-10-30,source
2785582758,postcode,3122HM,addr
2785582758,housenumber,13,addr
2785582960,source,BAG,regular
2785582960,city,Schiedam,addr
2785582960,street,Johann Straussplein,addr
2785582960,date,2014-10-30,source
2785582960,postcode,3122ZC,addr
2785582960,housenumber,132,addr
2785583506,source,BAG,regular
2785583506,city,Schiedam,addr
2785583506,street,Henriëtte Bosmansplein,addr
2785583506,date,2014-10-30,source
2785583506,postcode,3122CD,addr
2785583506,housenumber,135,addr
2785583809,source,BAG,regular
2785583809,city,Schiedam,addr
2785583809,street,Griegplein,addr
2785583809,date,2014-10-30,source
2785583809,postcode,3122VN,addr
2785583809,housenumber,138,addr
2785584168,source,BAG,regular
2785584168,city,Schiedam,addr
2785584168,street,Schubertplein,addr
2785584168,date,2014-10-30,source
2785584168,postcode,3122NA,addr
2785584168,housenumber,14,addr
2785584509,source,BAG,regular
2785584509,city,Schiedam,addr
2785584509,street,Griegplein,addr
2785584509,date,2014-10-30,source
2785584509,postcode,3122VN,addr
2785584509,housenumber,142,addr
2785584972,source,BAG,regular
2785584972,city,Schiedam,addr
2785584972,street,Dirk Schäferplein,addr
2785584972,date,2014-10-30,source
2785584972,postcode,3122EG,addr
2785584972,housenumber,145,addr
2785585345,source,BAG,regular
2785585345,city,Schiedam,addr
2785585345,street,Sibeliusplein,addr
2785585345,date,2014-10-30,source
2785585345,postcode,3122XA,addr
2785585345,housenumber,148,addr
2785585697,source,BAG,regular
2785585697,city,Schiedam,addr
2785585697,street,Schubertplein,addr
2785585697,date,2014-10-30,source
2785585697,postcode,3122NJ,addr
2785585697,housenumber,150,addr
2785585995,source,BAG,regular
2785585995,city,Schiedam,addr
2785585995,street,Johann Straussplein,addr
2785585995,date,2014-10-30,source
2785585995,postcode,3122ZC,addr
2785585995,housenumber,154,addr
2785586324,source,BAG,regular
2785586324,city,Schiedam,addr
2785586324,street,Vivaldilaan,addr
2785586324,date,2014-10-30,source
2785586324,postcode,3122HZ,addr
2785586324,housenumber,157,addr
2785586386,source,BAG,regular
2785586386,city,Schiedam,addr
2785586386,street,Peter van Anrooylaan,addr
2785586386,date,2014-10-30,source
2785586386,postcode,3122TA,addr
2785586386,housenumber,16,addr
2785586508,source,BAG,regular
2785586508,city,Schiedam,addr
2785586508,street,Sibeliusplein,addr
2785586508,date,2014-10-30,source
2785586508,postcode,3122XA,addr
2785586508,housenumber,162,addr
2785586608,source,BAG,regular
2785586608,city,Schiedam,addr
2785586608,street,Bart Verhallenplein,addr
2785586608,date,2014-10-30,source
2785586608,postcode,3122TJ,addr
2785586608,housenumber,167,addr
2785586704,source,BAG,regular
2785586704,city,Schiedam,addr
2785586704,street,Obrechtstraat,addr
2785586704,date,2014-10-30,source
2785586704,postcode,3122AG,addr
2785586704,housenumber,17,addr
2785586891,source,BAG,regular
2785586891,city,Schiedam,addr
2785586891,street,Schubertplein,addr
2785586891,date,2014-10-30,source
2785586891,postcode,3122NK,addr
2785586891,housenumber,173,addr
2785587194,source,BAG,regular
2785587194,city,Schiedam,addr
2785587194,street,Johann Straussplein,addr
2785587194,date,2014-10-30,source
2785587194,postcode,3122ZC,addr
2785587194,housenumber,178,addr
2785587421,source,BAG,regular
2785587421,city,Schiedam,addr
2785587421,street,Bart Verhallenplein,addr
2785587421,date,2014-10-30,source
2785587421,postcode,3122TJ,addr
2785587421,housenumber,180,addr
2785587489,source,BAG,regular
2785587489,city,Schiedam,addr
2785587489,street,Griegplein,addr
2785587489,date,2014-10-30,source
2785587489,postcode,3122VN,addr
2785587489,housenumber,185,addr
2785587591,source,BAG,regular
2785587591,city,Schiedam,addr
2785587591,street,Lisztplein,addr
2785587591,date,2014-10-30,source
2785587591,postcode,3122LA,addr
2785587591,housenumber,19,addr
2785587909,source,BAG,regular
2785587909,city,Schiedam,addr
2785587909,street,Johann Straussplein,addr
2785587909,date,2014-10-30,source
2785587909,postcode,3122ZD,addr
2785587909,housenumber,194,addr
2785588045,source,BAG,regular
2785588045,city,Schiedam,addr
2785588045,street,Jozef Oreliosingel,addr
2785588045,date,2014-10-30,source
2785588045,postcode,3122CL,addr
2785588045,housenumber,1B,addr
2785588317,source,BAG,regular
2785588317,city,Schiedam,addr
2785588317,street,Diepenbrockstraat,addr
2785588317,date,2014-10-30,source
2785588317,postcode,3122AC,addr
2785588317,housenumber,20,addr
2785588420,source,BAG,regular
2785588420,city,Schiedam,addr
2785588420,street,Griegplein,addr
2785588420,date,2014-10-30,source
2785588420,postcode,3122VN,addr
2785588420,housenumber,203,addr
2785588471,source,BAG,regular
2785588471,city,Schiedam,addr
2785588471,street,Sibeliusplein,addr
2785588471,date,2014-10-30,source
2785588471,postcode,3122XA,addr
2785588471,housenumber,209,addr
2785588544,source,BAG,regular
2785588544,city,Schiedam,addr
2785588544,street,Bachplein,addr
2785588544,date,2014-10-30,source
2785588544,postcode,3122KL,addr
2785588544,housenumber,213,addr
2785588671,source,BAG,regular
2785588671,city,Schiedam,addr
2785588671,street,Bachplein,addr
2785588671,date,2014-10-30,source
2785588671,postcode,3122JA,addr
2785588671,housenumber,218,addr
2785588733,source,BAG,regular
2785588733,city,Schiedam,addr
2785588733,street,Lisztplein,addr
2785588733,date,2014-10-30,source
2785588733,postcode,3122LM,addr
2785588733,housenumber,220,addr
2785588785,source,BAG,regular
2785588785,city,Schiedam,addr
2785588785,street,Griegplein,addr
2785588785,date,2014-10-30,source
2785588785,postcode,3122VN,addr
2785588785,housenumber,227,addr
2785588975,source,BAG,regular
2785588975,city,Schiedam,addr
2785588975,street,Johann Straussplein,addr
2785588975,date,2014-10-30,source
2785588975,postcode,3122ZD,addr
2785588975,housenumber,230,addr
2785589215,source,BAG,regular
2785589215,city,Schiedam,addr
2785589215,street,Chopinplein,addr
2785589215,date,2014-10-30,source
2785589215,postcode,3122VM,addr
2785589215,housenumber,237,addr
2785589265,source,BAG,regular
2785589265,city,Schiedam,addr
2785589265,street,Willem Pijperstraat,addr
2785589265,date,2014-10-30,source
2785589265,postcode,3122BH,addr
2785589265,housenumber,24,addr
2785589393,source,BAG,regular
2785589393,city,Schiedam,addr
2785589393,street,Griegplein,addr
2785589393,date,2014-10-30,source
2785589393,postcode,3122VN,addr
2785589393,housenumber,248,addr
2785589707,source,BAG,regular
2785589707,city,Schiedam,addr
2785589707,street,Griegplein,addr
2785589707,date,2014-10-30,source
2785589707,postcode,3122VN,addr
2785589707,housenumber,252,addr
2785589817,source,BAG,regular
2785589817,city,Schiedam,addr
2785589817,street,Diepenbrockstraat,addr
2785589817,date,2014-10-30,source
2785589817,postcode,3122AC,addr
2785589817,housenumber,26,addr
2785589873,source,BAG,regular
2785589873,city,Schiedam,addr
2785589873,street,Griegplein,addr
2785589873,date,2014-10-30,source
2785589873,postcode,3122VN,addr
2785589873,housenumber,265,addr
2785590094,source,BAG,regular
2785590094,city,Schiedam,addr
2785590094,street,Vivaldilaan,addr
2785590094,date,2014-10-30,source
2785590094,postcode,3122HV,addr
2785590094,housenumber,27,addr
2785590237,source,BAG,regular
2785590237,city,Schiedam,addr
2785590237,street,Sibeliusplein,addr
2785590237,date,2014-10-30,source
2785590237,postcode,3122XA,addr
2785590237,housenumber,278,addr
2785590288,source,BAG,regular
2785590288,city,Schiedam,addr
2785590288,street,Bachplein,addr
2785590288,date,2014-10-30,source
2785590288,postcode,3122JC,addr
2785590288,housenumber,286,addr
2785590548,source,BAG,regular
2785590548,city,Schiedam,addr
2785590548,street,Johann Straussplein,addr
2785590548,date,2014-10-30,source
2785590548,postcode,3122ZE,addr
2785590548,housenumber,293,addr
2785590694,source,BAG,regular
2785590694,city,Schiedam,addr
2785590694,street,Chopinplein,addr
2785590694,date,2014-10-30,source
2785590694,postcode,3122VM,addr
2785590694,housenumber,30,addr
2785590784,source,BAG,regular
2785590784,city,Schiedam,addr
2785590784,street,Albert van Raalteplein,addr
2785590784,date,2014-10-30,source
2785590784,postcode,3122GH,addr
2785590784,housenumber,31,addr
2785590931,source,BAG,regular
2785590931,city,Schiedam,addr
2785590931,street,Johann Straussplein,addr
2785590931,date,2014-10-30,source
2785590931,postcode,3122ZG,addr
2785590931,housenumber,318,addr
2785591085,source,BAG,regular
2785591085,city,Schiedam,addr
2785591085,street,Bachplein,addr
2785591085,date,2014-10-30,source
2785591085,postcode,3122JE,addr
2785591085,housenumber,324E,addr
2785591189,source,BAG,regular
2785591189,city,Schiedam,addr
2785591189,street,Willem Pijperstraat,addr
2785591189,date,2014-10-30,source
2785591189,postcode,3122BG,addr
2785591189,housenumber,33,addr
2785591400,source,BAG,regular
2785591400,city,Schiedam,addr
2785591400,street,Willem Pijperstraat,addr
2785591400,date,2014-10-30,source
2785591400,postcode,3122BH,addr
2785591400,housenumber,34,addr
2785591666,source,BAG,regular
2785591666,city,Schiedam,addr
2785591666,street,Willem Pijperstraat,addr
2785591666,date,2014-10-30,source
2785591666,postcode,3122BG,addr
2785591666,housenumber,35,addr
2785591938,source,BAG,regular
2785591938,city,Schiedam,addr
2785591938,street,Bachplein,addr
2785591938,date,2014-10-30,source
2785591938,postcode,3122JJ,addr
2785591938,housenumber,369,addr
2785592271,source,BAG,regular
2785592271,city,Schiedam,addr
2785592271,street,Henriëtte Bosmansplein,addr
2785592271,date,2014-10-30,source
2785592271,postcode,3122CA,addr
2785592271,housenumber,38,addr
2785592435,source,BAG,regular
2785592435,city,Schiedam,addr
2785592435,street,Toon Verheystraat,addr
2785592435,date,2014-10-30,source
2785592435,postcode,3122TP,addr
2785592435,housenumber,39,addr
2785592532,source,BAG,regular
2785592532,city,Schiedam,addr
2785592532,street,Bachplein,addr
2785592532,date,2014-10-30,source
2785592532,postcode,3122KB,addr
2785592532,housenumber,40,addr
2785592648,source,BAG,regular
2785592648,city,Schiedam,addr
2785592648,street,Lisztplein,addr
2785592648,date,2014-10-30,source
2785592648,postcode,3122LC,addr
2785592648,housenumber,41,addr
2785592902,source,BAG,regular
2785592902,city,Schiedam,addr
2785592902,street,Willem Landréplein,addr
2785592902,date,2014-10-30,source
2785592902,postcode,3122TM,addr
2785592902,housenumber,42,addr
2785593007,source,BAG,regular
2785593007,city,Schiedam,addr
2785593007,street,Bachplein,addr
2785593007,date,2014-10-30,source
2785593007,postcode,3122JL,addr
2785593007,housenumber,432D,addr
2785593658,source,BAG,regular
2785593658,city,Schiedam,addr
2785593658,street,Borodinlaan,addr
2785593658,date,2014-10-30,source
2785593658,postcode,3122HB,addr
2785593658,housenumber,44B,addr
2785593774,source,BAG,regular
2785593774,city,Schiedam,addr
2785593774,street,Jacques Urlusplein,addr
2785593774,date,2014-10-30,source
2785593774,postcode,3122EJ,addr
2785593774,housenumber,46,addr
2785593908,source,BAG,regular
2785593908,city,Schiedam,addr
2785593908,street,Smetanalaan,addr
2785593908,date,2014-10-30,source
2785593908,postcode,3122HN,addr
2785593908,housenumber,47,addr
2785594058,source,BAG,regular
2785594058,city,Schiedam,addr
2785594058,street,Bachplein,addr
2785594058,date,2014-10-30,source
2785594058,postcode,3122KP,addr
2785594058,housenumber,485,addr
2785594143,source,BAG,regular
2785594143,city,Schiedam,addr
2785594143,street,Cornelia van Zantenplein,addr
2785594143,date,2014-10-30,source
2785594143,postcode,3122CE,addr
2785594143,housenumber,5,addr
2785594197,source,BAG,regular
2785594197,city,Schiedam,addr
2785594197,street,Bachplein,addr
2785594197,date,2014-10-30,source
2785594197,postcode,3122KR,addr
2785594197,housenumber,503,addr
2785594328,source,BAG,regular
2785594328,city,Schiedam,addr
2785594328,street,Chopinplein,addr
2785594328,date,2014-10-30,source
2785594328,postcode,3122VM,addr
2785594328,housenumber,52,addr
2785594544,source,BAG,regular
2785594544,city,Schiedam,addr
2785594544,street,Vivaldilaan,addr
2785594544,date,2014-10-30,source
2785594544,postcode,3122HW,addr
2785594544,housenumber,53,addr
2785595004,source,BAG,regular
2785595004,city,Schiedam,addr
2785595004,street,Bernard Zweersplein,addr
2785595004,date,2014-10-30,source
2785595004,postcode,3122TW,addr
2785595004,housenumber,55,addr
2785595287,source,BAG,regular
2785595287,city,Schiedam,addr
2785595287,street,Lisztplein,addr
2785595287,date,2014-10-30,source
2785595287,postcode,3122LC,addr
2785595287,housenumber,56,addr
2785595819,source,BAG,regular
2785595819,city,Schiedam,addr
2785595819,street,Bachplein,addr
2785595819,date,2014-10-30,source
2785595819,postcode,3122KT,addr
2785595819,housenumber,573,addr
2785595962,source,BAG,regular
2785595962,city,Schiedam,addr
2785595962,street,Bernard Zweersplein,addr
2785595962,date,2014-10-30,source
2785595962,postcode,3122TW,addr
2785595962,housenumber,59,addr
2785596048,source,BAG,regular
2785596048,city,Schiedam,addr
2785596048,street,Sweelincksingel,addr
2785596048,date,2014-10-30,source
2785596048,postcode,3122AL,addr
2785596048,housenumber,6,addr
2785596153,source,BAG,regular
2785596153,city,Schiedam,addr
2785596153,street,Smetanalaan,addr
2785596153,date,2014-10-30,source
2785596153,postcode,3122HN,addr
2785596153,housenumber,61,addr
2785596215,source,BAG,regular
2785596215,city,Schiedam,addr
2785596215,street,Smetanalaan,addr
2785596215,date,2014-10-30,source
2785596215,postcode,3122HN,addr
2785596215,housenumber,63,addr
2785596278,source,BAG,regular
2785596278,city,Schiedam,addr
2785596278,street,Schubertplein,addr
2785596278,date,2014-10-30,source
2785596278,postcode,3122ND,addr
2785596278,housenumber,65,addr
2785596389,source,BAG,regular
2785596389,city,Schiedam,addr
2785596389,street,Mozartlaan,addr
2785596389,date,2014-10-30,source
2785596389,postcode,3122HD,addr
2785596389,housenumber,67,addr
2785596556,source,BAG,regular
2785596556,city,Schiedam,addr
2785596556,street,Mozartlaan,addr
2785596556,date,2014-10-30,source
2785596556,postcode,3122HD,addr
2785596556,housenumber,69,addr
2785596617,source,BAG,regular
2785596617,city,Schiedam,addr
2785596617,street,Johan Wagenaarstraat,addr
2785596617,date,2014-10-30,source
2785596617,postcode,3122BD,addr
2785596617,housenumber,70,addr
2785596732,source,BAG,regular
2785596732,city,Schiedam,addr
2785596732,street,Obrechtstraat,addr
2785596732,date,2014-10-30,source
2785596732,postcode,3122AJ,addr
2785596732,housenumber,72,addr
2785596948,source,BAG,regular
2785596948,city,Schiedam,addr
2785596948,street,Van Beethovenplein,addr
2785596948,date,2014-10-30,source
2785596948,postcode,3122VE,addr
2785596948,housenumber,74,addr
2785597236,source,BAG,regular
2785597236,city,Schiedam,addr
2785597236,street,Bart Verhallenplein,addr
2785597236,date,2014-10-30,source
2785597236,postcode,3122TE,addr
2785597236,housenumber,77,addr
2785597408,source,BAG,regular
2785597408,city,Schiedam,addr
2785597408,street,Henriëtte Bosmansplein,addr
2785597408,date,2014-10-30,source
2785597408,postcode,3122CB,addr
2785597408,housenumber,79,addr
2785597505,source,BAG,regular
2785597505,city,Schiedam,addr
2785597505,street,Chopinplein,addr
2785597505,date,2014-10-30,source
2785597505,postcode,3122VM,addr
2785597505,housenumber,80,addr
2785597754,source,BAG,regular
2785597754,city,Schiedam,addr
2785597754,street,Louis Zimmermannplein,addr
2785597754,date,2014-10-30,source
2785597754,postcode,3122GT,addr
2785597754,housenumber,82,addr
2785597861,source,BAG,regular
2785597861,city,Schiedam,addr
2785597861,street,Bachplein,addr
2785597861,date,2014-10-30,source
2785597861,postcode,3122KD,addr
2785597861,housenumber,85,addr
2785598056,source,BAG,regular
2785598056,city,Schiedam,addr
2785598056,street,Johann Straussplein,addr
2785598056,date,2014-10-30,source
2785598056,postcode,3122ZB,addr
2785598056,housenumber,87,addr
2785598151,source,BAG,regular
2785598151,city,Schiedam,addr
2785598151,street,Toon Verheystraat,addr
2785598151,date,2014-10-30,source
2785598151,postcode,3122TR,addr
2785598151,housenumber,89,addr
2785598267,source,BAG,regular
2785598267,city,Schiedam,addr
2785598267,street,Albert van Raalteplein,addr
2785598267,date,2014-10-30,source
2785598267,postcode,3122GL,addr
2785598267,housenumber,91,addr
2785598353,source,BAG,regular
2785598353,city,Schiedam,addr
2785598353,street,Laan van Bol'Es,addr
2785598353,date,2014-10-30,source
2785598353,postcode,3122AE,addr
2785598353,housenumber,93,addr
2785598469,source,BAG,regular
2785598469,city,Schiedam,addr
2785598469,street,Vivaldilaan,addr
2785598469,date,2014-10-30,source
2785598469,postcode,3122HW,addr
2785598469,housenumber,95,addr
2785598577,source,BAG,regular
2785598577,city,Schiedam,addr
2785598577,street,Johan Wagenaarstraat,addr
2785598577,date,2014-10-30,source
2785598577,postcode,3122BD,addr
2785598577,housenumber,98,addr
2786124719,source,BAG,regular
2786124719,city,Schiedam,addr
2786124719,street,Van Oldenbarneveltstraat,addr
2786124719,date,2014-10-30,source
2786124719,postcode,3119MX,addr
2786124719,housenumber,1,addr
2786124805,source,BAG,regular
2786124805,city,Schiedam,addr
2786124805,street,Van Hogendorpstraat,addr
2786124805,date,2014-10-30,source
2786124805,postcode,3118LG,addr
2786124805,housenumber,105,addr
2786124855,source,BAG,regular
2786124855,city,Schiedam,addr
2786124855,street,Johan Braakensiekstraat,addr
2786124855,date,2014-10-30,source
2786124855,postcode,3119NN,addr
2786124855,housenumber,115,addr
2786124907,source,BAG,regular
2786124907,city,Schiedam,addr
2786124907,street,Burgemeester Van Haarenlaan,addr
2786124907,date,2014-10-30,source
2786124907,postcode,3118GM,addr
2786124907,housenumber,1248,addr
2786125040,source,BAG,regular
2786125040,city,Schiedam,addr
2786125040,street,Van Hallstraat,addr
2786125040,date,2014-10-30,source
2786125040,postcode,3119TR,addr
2786125040,housenumber,13,addr
2786125090,source,BAG,regular
2786125090,city,Schiedam,addr
2786125090,street,Burgemeester Van Haarenlaan,addr
2786125090,date,2014-10-30,source
2786125090,postcode,3118GP,addr
2786125090,housenumber,1360,addr
2786125140,source,BAG,regular
2786125140,city,Schiedam,addr
2786125140,street,Burgemeester Van Haarenlaan,addr
2786125140,date,2014-10-30,source
2786125140,postcode,3118GR,addr
2786125140,housenumber,1410,addr
2786125190,source,BAG,regular
2786125190,city,Schiedam,addr
2786125190,street,Burgemeester Van Haarenlaan,addr
2786125190,date,2014-10-30,source
2786125190,postcode,3117GC,addr
2786125190,housenumber,1492,addr
2786125240,source,BAG,regular
2786125240,city,Schiedam,addr
2786125240,street,Johan Braakensiekstraat,addr
2786125240,date,2014-10-30,source
2786125240,postcode,3119NN,addr
2786125240,housenumber,157,addr
2786125309,source,BAG,regular
2786125309,city,Schiedam,addr
2786125309,street,Spoorbaanstraat,addr
2786125309,date,2014-10-30,source
2786125309,postcode,3119JG,addr
2786125309,housenumber,17,addr
2786125363,source,BAG,regular
2786125363,city,Schiedam,addr
2786125363,street,Schiedamseweg,addr
2786125363,date,2014-10-30,source
2786125363,postcode,3119JC,addr
2786125363,housenumber,184-1,addr
2786125418,source,BAG,regular
2786125418,city,Schiedam,addr
2786125418,street,Johan de Wittsingel,addr
2786125418,date,2014-10-30,source
2786125418,postcode,3119TK,addr
2786125418,housenumber,199,addr
2786125649,source,BAG,regular
2786125649,city,Schiedam,addr
2786125649,street,Johan de Wittsingel,addr
2786125649,date,2014-10-30,source
2786125649,postcode,3119TK,addr
2786125649,housenumber,205,addr
2786125723,source,BAG,regular
2786125723,city,Schiedam,addr
2786125723,street,Van Limburg Stirumstraat,addr
2786125723,date,2014-10-30,source
2786125723,postcode,3118LS,addr
2786125723,housenumber,219,addr
2786125788,source,BAG,regular
2786125788,city,Schiedam,addr
2786125788,street,Simon Rijnbendestraat,addr
2786125788,date,2014-10-30,source
2786125788,postcode,3117ZD,addr
2786125788,housenumber,23,addr
2786125852,source,BAG,regular
2786125852,city,Schiedam,addr
2786125852,street,Johan de Wittsingel,addr
2786125852,date,2014-10-30,source
2786125852,postcode,3119TL,addr
2786125852,housenumber,249,addr
2786126122,source,BAG,regular
2786126122,city,Schiedam,addr
2786126122,street,Vlaardingerdijk,addr
2786126122,date,2014-10-30,source
2786126122,postcode,3117ZS,addr
2786126122,housenumber,266,addr
2786126427,source,BAG,regular
2786126427,city,Schiedam,addr
2786126427,street,Johan de Wittsingel,addr
2786126427,date,2014-10-30,source
2786126427,postcode,3119TM,addr
2786126427,housenumber,285,addr
2786126723,source,BAG,regular
2786126723,city,Schiedam,addr
2786126723,street,Simon Rijnbendestraat,addr
2786126723,date,2014-10-30,source
2786126723,postcode,3117ZD,addr
2786126723,housenumber,3,addr
2786126968,source,BAG,regular
2786126968,city,Schiedam,addr
2786126968,street,Donker Curtiusstraat,addr
2786126968,date,2014-10-30,source
2786126968,postcode,3119TC,addr
2786126968,housenumber,32,addr
2786127262,source,BAG,regular
2786127262,city,Schiedam,addr
2786127262,street,Vlaardingerdijk,addr
2786127262,date,2014-10-30,source
2786127262,postcode,3117ZT,addr
2786127262,housenumber,350,addr
2786127520,source,BAG,regular
2786127520,city,Schiedam,addr
2786127520,street,Veeartsweg,addr
2786127520,date,2014-10-30,source
2786127520,postcode,3117ZZ,addr
2786127520,housenumber,39,addr
2786127832,source,BAG,regular
2786127832,city,Schiedam,addr
2786127832,street,Veeartsweg,addr
2786127832,date,2014-10-30,source
2786127832,postcode,3117ZZ,addr
2786127832,housenumber,41,addr
2786128047,source,BAG,regular
2786128047,city,Schiedam,addr
2786128047,street,Nieuwe Damlaan,addr
2786128047,date,2014-10-30,source
2786128047,postcode,3119AK,addr
2786128047,housenumber,441,addr
2786128545,source,BAG,regular
2786128545,city,Schiedam,addr
2786128545,street,Schimmelpenninckstraat,addr
2786128545,date,2014-10-30,source
2786128545,postcode,3119TP,addr
2786128545,housenumber,47,addr
2786128748,source,BAG,regular
2786128748,city,Schiedam,addr
2786128748,street,Burgemeester Verveenstraat,addr
2786128748,date,2014-10-30,source
2786128748,postcode,3119JA,addr
2786128748,housenumber,5,addr
2786129054,source,BAG,regular
2786129054,city,Schiedam,addr
2786129054,street,Nieuwe Damlaan,addr
2786129054,date,2014-10-30,source
2786129054,postcode,3119AL,addr
2786129054,housenumber,513,addr
2786129434,source,BAG,regular
2786129434,city,Schiedam,addr
2786129434,street,Donker Curtiusstraat,addr
2786129434,date,2014-10-30,source
2786129434,postcode,3119TB,addr
2786129434,housenumber,55,addr
2786129758,source,BAG,regular
2786129758,city,Schiedam,addr
2786129758,street,Nieuwe Damlaan,addr
2786129758,date,2014-10-30,source
2786129758,postcode,3119AN,addr
2786129758,housenumber,583,addr
2786130044,source,BAG,regular
2786130044,city,Schiedam,addr
2786130044,street,Van Hallstraat,addr
2786130044,date,2014-10-30,source
2786130044,postcode,3119TS,addr
2786130044,housenumber,61,addr
2786130273,source,BAG,regular
2786130273,city,Schiedam,addr
2786130273,street,Burgemeester Van Haarenlaan,addr
2786130273,date,2014-10-30,source
2786130273,postcode,3119GR,addr
2786130273,housenumber,650,addr
2786130465,source,BAG,regular
2786130465,city,Schiedam,addr
2786130465,street,Burgemeester Van Haarenlaan,addr
2786130465,date,2014-10-30,source
2786130465,postcode,3119GS,addr
2786130465,housenumber,690,addr
2786130515,source,BAG,regular
2786130515,city,Schiedam,addr
2786130515,street,Burgemeester Van Haarenlaan,addr
2786130515,date,2014-10-30,source
2786130515,postcode,3119GS,addr
2786130515,housenumber,718,addr
2786130565,source,BAG,regular
2786130565,city,Schiedam,addr
2786130565,street,Donker Curtiusstraat,addr
2786130565,date,2014-10-30,source
2786130565,postcode,3119TD,addr
2786130565,housenumber,76,addr
2786130616,source,BAG,regular
2786130616,city,Schiedam,addr
2786130616,street,Burgemeester Verveenstraat,addr
2786130616,date,2014-10-30,source
2786130616,postcode,3119JA,addr
2786130616,housenumber,8,addr
2786130681,source,BAG,regular
2786130681,city,Schiedam,addr
2786130681,street,Heinsiusstraat,addr
2786130681,date,2014-10-30,source
2786130681,postcode,3119TG,addr
2786130681,housenumber,83,addr
2786130756,source,BAG,regular
2786130756,city,Schiedam,addr
2786130756,street,Van Limburg Stirumstraat,addr
2786130756,date,2014-10-30,source
2786130756,postcode,3118LS,addr
2786130756,housenumber,87,addr
2786130806,source,BAG,regular
2786130806,city,Schiedam,addr
2786130806,street,Willem Hasekampstraat,addr
2786130806,date,2014-10-30,source
2786130806,postcode,3117ZB,addr
2786130806,housenumber,9,addr
2786130856,source,BAG,regular
2786130856,city,Schiedam,addr
2786130856,street,Johan Braakensiekstraat,addr
2786130856,date,2014-10-30,source
2786130856,postcode,3119NM,addr
2786130856,housenumber,95,addr
2786183777,source,BAG,regular
2786183777,city,Schiedam,addr
2786183777,street,Havendijk,addr
2786183777,date,2014-10-30,source
2786183777,postcode,3114EA,addr
2786183777,housenumber,119,addr
2786184417,source,BAG,regular
2786184417,city,Schiedam,addr
2786184417,street,Havendijk,addr
2786184417,date,2014-10-30,source
2786184417,postcode,3114EB,addr
2786184417,housenumber,155,addr
2786185247,source,BAG,regular
2786185247,city,Schiedam,addr
2786185247,street,Maasboulevard,addr
2786185247,date,2014-10-30,source
2786185247,postcode,3114HD,addr
2786185247,housenumber,175,addr
2786185896,source,BAG,regular
2786185896,city,Schiedam,addr
2786185896,street,Adriaen Banckertstraat,addr
2786185896,date,2014-10-30,source
2786185896,postcode,3115JE,addr
2786185896,housenumber,1B,addr
2786186758,source,BAG,regular
2786186758,city,Schiedam,addr
2786186758,street,Maasboulevard,addr
2786186758,date,2014-10-30,source
2786186758,postcode,3114HC,addr
2786186758,housenumber,24,addr
2786187251,source,BAG,regular
2786187251,city,Schiedam,addr
2786187251,street,Havendijk,addr
2786187251,date,2014-10-30,source
2786187251,postcode,3114ED,addr
2786187251,housenumber,293,addr
2786187853,source,BAG,regular
2786187853,city,Schiedam,addr
2786187853,street,Jan van Galenstraat,addr
2786187853,date,2014-10-30,source
2786187853,postcode,3115JG,addr
2786187853,housenumber,33A,addr
2786188434,source,BAG,regular
2786188434,city,Schiedam,addr
2786188434,street,Adriaen Banckertstraat,addr
2786188434,date,2014-10-30,source
2786188434,postcode,3115JE,addr
2786188434,housenumber,3B,addr
2786188855,source,BAG,regular
2786188855,city,Schiedam,addr
2786188855,street,Havendijk,addr
2786188855,date,2014-10-30,source
2786188855,postcode,3114EJ,addr
2786188855,housenumber,453,addr
2786189209,source,BAG,regular
2786189209,city,Schiedam,addr
2786189209,street,Havendijk,addr
2786189209,date,2014-10-30,source
2786189209,postcode,3114EK,addr
2786189209,housenumber,519,addr
2786189605,source,BAG,regular
2786189605,city,Schiedam,addr
2786189605,street,Maasboulevard,addr
2786189605,date,2014-10-30,source
2786189605,postcode,3114HC,addr
2786189605,housenumber,61,addr
2786190018,source,BAG,regular
2786190018,city,Schiedam,addr
2786190018,street,Maasboulevard,addr
2786190018,date,2014-10-30,source
2786190018,postcode,3114HC,addr
2786190018,housenumber,85,addr
2786293550,source,BAG,regular
2786293550,city,Schiedam,addr
2786293550,street,Prins Frederik Hendrikstraat,addr
2786293550,date,2014-10-30,source
2786293550,postcode,3116GA,addr
2786293550,housenumber,1,addr
2786293823,source,BAG,regular
2786293823,city,Schiedam,addr
2786293823,street,Ouddorpsestraat,addr
2786293823,date,2014-10-30,source
2786293823,postcode,3114BM,addr
2786293823,housenumber,10,addr
2786294211,source,BAG,regular
2786294211,city,Schiedam,addr
2786294211,street,Groenelaan,addr
2786294211,date,2014-10-30,source
2786294211,postcode,3114CD,addr
2786294211,housenumber,101A,addr
2786294419,source,BAG,regular
2786294419,city,Schiedam,addr
2786294419,street,Nieuwe Haven,addr
2786294419,date,2014-10-30,source
2786294419,postcode,3116AB,addr
2786294419,housenumber,105E,addr
2786294936,source,BAG,regular
2786294936,city,Schiedam,addr
2786294936,street,Lange Nieuwstraat,addr
2786294936,date,2014-10-30,source
2786294936,postcode,3111AE,addr
2786294936,housenumber,109B-10,addr
2786295146,source,BAG,regular
2786295146,city,Schiedam,addr
2786295146,street,Warande,addr
2786295146,date,2014-10-30,source
2786295146,postcode,3116CG,addr
2786295146,housenumber,10G,addr
2786295515,source,BAG,regular
2786295515,city,Schiedam,addr
2786295515,street,Stadhouderskade,addr
2786295515,date,2014-10-30,source
2786295515,postcode,3116HB,addr
2786295515,housenumber,11,addr
2786295833,source,BAG,regular
2786295833,city,Schiedam,addr
2786295833,street,Nieuwe Maasstraat,addr
2786295833,date,2014-10-30,source
2786295833,postcode,3114TR,addr
2786295833,housenumber,114B,addr
2786295917,source,BAG,regular
2786295917,city,Schiedam,addr
2786295917,street,Lange Nieuwstraat,addr
2786295917,date,2014-10-30,source
2786295917,postcode,3111AC,addr
2786295917,housenumber,11A,addr
2786296130,source,BAG,regular
2786296130,city,Schiedam,addr
2786296130,street,Leliestraat,addr
2786296130,date,2014-10-30,source
2786296130,postcode,3114NK,addr
2786296130,housenumber,12,addr
2786296331,source,BAG,regular
2786296331,city,Schiedam,addr
2786296331,street,Stadhouderslaan,addr
2786296331,date,2014-10-30,source
2786296331,postcode,3116HM,addr
2786296331,housenumber,121,addr
2786296847,source,BAG,regular
2786296847,city,Schiedam,addr
2786296847,street,Julianalaan,addr
2786296847,date,2014-10-30,source
2786296847,postcode,3116JW,addr
2786296847,housenumber,126,addr
2786297112,source,BAG,regular
2786297112,city,Schiedam,addr
2786297112,street,Warande,addr
2786297112,date,2014-10-30,source
2786297112,postcode,3116CG,addr
2786297112,housenumber,12F,addr
2786297458,source,BAG,regular
2786297458,city,Schiedam,addr
2786297458,street,Prins Mauritsstraat,addr
2786297458,date,2014-10-30,source
2786297458,postcode,3116GE,addr
2786297458,housenumber,13,addr
2786297727,source,BAG,regular
2786297727,city,Schiedam,addr
2786297727,street,Hagastraat,addr
2786297727,date,2014-10-30,source
2786297727,postcode,3114NC,addr
2786297727,housenumber,137,addr
2786297855,source,BAG,regular
2786297855,city,Schiedam,addr
2786297855,street,Geervlietsestraat,addr
2786297855,date,2014-10-30,source
2786297855,postcode,3114VG,addr
2786297855,housenumber,14,addr
2786298090,source,BAG,regular
2786298090,city,Schiedam,addr
2786298090,street,Zuidlandsestraat,addr
2786298090,date,2014-10-30,source
2786298090,postcode,3114PZ,addr
2786298090,housenumber,14,addr
2786298160,source,BAG,regular
2786298160,city,Schiedam,addr
2786298160,street,Hoofdstraat,addr
2786298160,date,2014-10-30,source
2786298160,postcode,3114GD,addr
2786298160,housenumber,147A,addr
2786298211,source,BAG,regular
2786298211,city,Schiedam,addr
2786298211,street,Beierlandsestraat,addr
2786298211,date,2014-10-30,source
2786298211,postcode,3114BA,addr
2786298211,housenumber,15,addr
2786298264,source,BAG,regular
2786298264,city,Schiedam,addr
2786298264,street,Stadhouderskade,addr
2786298264,date,2014-10-30,source
2786298264,postcode,3116HB,addr
2786298264,housenumber,15,addr
2786298329,source,BAG,regular
2786298329,city,Schiedam,addr
2786298329,street,Lange Nieuwstraat,addr
2786298329,date,2014-10-30,source
2786298329,postcode,3111AH,addr
2786298329,housenumber,159,addr
2786298460,source,BAG,regular
2786298460,city,Schiedam,addr
2786298460,street,Oude Maasstraat,addr
2786298460,date,2014-10-30,source
2786298460,postcode,3114TW,addr
2786298460,housenumber,16,addr
2786298516,source,BAG,regular
2786298516,city,Schiedam,addr
2786298516,street,Burgemeester Knappertlaan,addr
2786298516,date,2014-10-30,source
2786298516,postcode,3116BD,addr
2786298516,housenumber,167,addr
2786298828,source,BAG,regular
2786298828,city,Schiedam,addr
2786298828,street,Beierlandsestraat,addr
2786298828,date,2014-10-30,source
2786298828,postcode,3114BA,addr
2786298828,housenumber,17,addr
2786299032,source,BAG,regular
2786299032,city,Schiedam,addr
2786299032,street,Stadhouderskade,addr
2786299032,date,2014-10-30,source
2786299032,postcode,3116HB,addr
2786299032,housenumber,17,addr
2786299087,source,BAG,regular
2786299087,city,Schiedam,addr
2786299087,street,Klaaswaalsestraat,addr
2786299087,date,2014-10-30,source
2786299087,postcode,3114PB,addr
2786299087,housenumber,17A,addr
2786299191,source,BAG,regular
2786299191,city,Schiedam,addr
2786299191,street,Prinsenhoek,addr
2786299191,date,2014-10-30,source
2786299191,postcode,3116DA,addr
2786299191,housenumber,18,addr
2786299243,source,BAG,regular
2786299243,city,Schiedam,addr
2786299243,street,Lange Nieuwstraat,addr
2786299243,date,2014-10-30,source
2786299243,postcode,3111AJ,addr
2786299243,housenumber,187D,addr
2786299298,source,BAG,regular
2786299298,city,Schiedam,addr
2786299298,street,Goereesestraat,addr
2786299298,date,2014-10-30,source
2786299298,postcode,3114BG,addr
2786299298,housenumber,19,addr
2786299398,source,BAG,regular
2786299398,city,Schiedam,addr
2786299398,street,Burgemeester Knappertlaan,addr
2786299398,date,2014-10-30,source
2786299398,postcode,3116BG,addr
2786299398,housenumber,191B,addr
2786299466,source,BAG,regular
2786299466,city,Schiedam,addr
2786299466,street,Lange Nieuwstraat,addr
2786299466,date,2014-10-30,source
2786299466,postcode,3111AJ,addr
2786299466,housenumber,199D,addr
2786299518,source,BAG,regular
2786299518,city,Schiedam,addr
2786299518,street,Gasstraat,addr
2786299518,date,2014-10-30,source
2786299518,postcode,3114NB,addr
2786299518,housenumber,2,addr
2786299572,source,BAG,regular
2786299572,city,Schiedam,addr
2786299572,street,Dwarsstraat,addr
2786299572,date,2014-10-30,source
2786299572,postcode,3114LC,addr
2786299572,housenumber,20,addr
2786299623,source,BAG,regular
2786299623,city,Schiedam,addr
2786299623,street,Willem Brouwerstraat,addr
2786299623,date,2014-10-30,source
2786299623,postcode,3114NW,addr
2786299623,housenumber,20,addr
2786300086,source,BAG,regular
2786300086,city,Schiedam,addr
2786300086,street,Anna van Burenstraat,addr
2786300086,date,2014-10-30,source
2786300086,postcode,3116EA,addr
2786300086,housenumber,21,addr
2786300662,source,BAG,regular
2786300662,city,Schiedam,addr
2786300662,street,Zwartewaalsestraat,addr
2786300662,date,2014-10-30,source
2786300662,postcode,3114XV,addr
2786300662,housenumber,21,addr
2786301031,source,BAG,regular
2786301031,city,Schiedam,addr
2786301031,street,Lange Nieuwstraat,addr
2786301031,date,2014-10-30,source
2786301031,postcode,3111AC,addr
2786301031,housenumber,21B-2,addr
2786301523,source,BAG,regular
2786301523,city,Schiedam,addr
2786301523,street,Zuidlandsestraat,addr
2786301523,date,2014-10-30,source
2786301523,postcode,3114PZ,addr
2786301523,housenumber,22,addr
2786302137,source,BAG,regular
2786302137,city,Schiedam,addr
2786302137,street,Dwarsstraat,addr
2786302137,date,2014-10-30,source
2786302137,postcode,3114LA,addr
2786302137,housenumber,23,addr
2786302417,source,BAG,regular
2786302417,city,Schiedam,addr
2786302417,street,Rotterdamsedijk,addr
2786302417,date,2014-10-30,source
2786302417,postcode,3112AK,addr
2786302417,housenumber,235A,addr
2786302925,source,BAG,regular
2786302925,city,Schiedam,addr
2786302925,street,Klaaswaalsestraat,addr
2786302925,date,2014-10-30,source
2786302925,postcode,3114PB,addr
2786302925,housenumber,24,addr
2786303316,source,BAG,regular
2786303316,city,Schiedam,addr
2786303316,street,Rotterdamsedijk,addr
2786303316,date,2014-10-30,source
2786303316,postcode,3112AK,addr
2786303316,housenumber,245A,addr
2786303778,source,BAG,regular
2786303778,city,Schiedam,addr
2786303778,street,Hagastraat,addr
2786303778,date,2014-10-30,source
2786303778,postcode,3114NC,addr
2786303778,housenumber,25,addr
2786304085,source,BAG,regular
2786304085,city,Schiedam,addr
2786304085,street,Hoofdstraat,addr
2786304085,date,2014-10-30,source
2786304085,postcode,3114GE,addr
2786304085,housenumber,255,addr
2786304605,source,BAG,regular
2786304605,city,Schiedam,addr
2786304605,street,Kruithuis,addr
2786304605,date,2014-10-30,source
2786304605,postcode,3111AZ,addr
2786304605,housenumber,26,addr
2786304849,source,BAG,regular
2786304849,city,Schiedam,addr
2786304849,street,Rotterdamsedijk,addr
2786304849,date,2014-10-30,source
2786304849,postcode,3112AM,addr
2786304849,housenumber,267B-1,addr
2786305419,source,BAG,regular
2786305419,city,Schiedam,addr
2786305419,street,Nieuwe Haven,addr
2786305419,date,2014-10-30,source
2786305419,postcode,3114AB,addr
2786305419,housenumber,27,addr
2786305670,source,BAG,regular
2786305670,city,Schiedam,addr
2786305670,street,Oude Maasstraat,addr
2786305670,date,2014-10-30,source
2786305670,postcode,3114TV,addr
2786305670,housenumber,27A,addr
2786306160,source,BAG,regular
2786306160,city,Schiedam,addr
2786306160,street,Spuistraat,addr
2786306160,date,2014-10-30,source
2786306160,postcode,3114CR,addr
2786306160,housenumber,28,addr
2786306598,source,BAG,regular
2786306598,city,Schiedam,addr
2786306598,street,Heenvlietsestraat,addr
2786306598,date,2014-10-30,source
2786306598,postcode,3114VK,addr
2786306598,housenumber,29,addr
2786307102,source,BAG,regular
2786307102,city,Schiedam,addr
2786307102,street,Lange Nieuwstraat,addr
2786307102,date,2014-10-30,source
2786307102,postcode,3111AD,addr
2786307102,housenumber,29A,addr
2786307376,source,BAG,regular
2786307376,city,Schiedam,addr
2786307376,street,Abbenbroeksestraat,addr
2786307376,date,2014-10-30,source
2786307376,postcode,3114XA,addr
2786307376,housenumber,3,addr
2786307818,source,BAG,regular
2786307818,city,Schiedam,addr
2786307818,street,Zalmstraat,addr
2786307818,date,2014-10-30,source
2786307818,postcode,3114NX,addr
2786307818,housenumber,3,addr
2786308133,source,BAG,regular
2786308133,city,Schiedam,addr
2786308133,street,Rotterdamsedijk,addr
2786308133,date,2014-10-30,source
2786308133,postcode,3112AN,addr
2786308133,housenumber,303A,addr
2786309400,source,BAG,regular
2786309400,city,Schiedam,addr
2786309400,street,Louise de Colignystraat,addr
2786309400,date,2014-10-30,source
2786309400,postcode,3116EH,addr
2786309400,housenumber,31,addr
2786309738,source,BAG,regular
2786309738,city,Schiedam,addr
2786309738,street,Den Bommelsestraat,addr
2786309738,date,2014-10-30,source
2786309738,postcode,3114RB,addr
2786309738,housenumber,32,addr
2786310668,source,BAG,regular
2786310668,city,Schiedam,addr
2786310668,street,Middelharnissestraat,addr
2786310668,date,2014-10-30,source
2786310668,postcode,3114RE,addr
2786310668,housenumber,32B,addr
2786311714,source,BAG,regular
2786311714,city,Schiedam,addr
2786311714,street,Zwartewaalsestraat,addr
2786311714,date,2014-10-30,source
2786311714,postcode,3114XV,addr
2786311714,housenumber,33,addr
2786312332,source,BAG,regular
2786312332,city,Schiedam,addr
2786312332,street,Schoolstraat,addr
2786312332,date,2014-10-30,source
2786312332,postcode,3116HJ,addr
2786312332,housenumber,34,addr
2786313254,source,BAG,regular
2786313254,city,Schiedam,addr
2786313254,street,Willem Brouwerstraat,addr
2786313254,date,2014-10-30,source
2786313254,postcode,3114NV,addr
2786313254,housenumber,35,addr
2786313961,source,BAG,regular
2786313961,city,Schiedam,addr
2786313961,street,Rotterdamsedijk,addr
2786313961,date,2014-10-30,source
2786313961,postcode,3112AP,addr
2786313961,housenumber,361,addr
2786314862,source,BAG,regular
2786314862,city,Schiedam,addr
2786314862,street,Geervlietsestraat,addr
2786314862,date,2014-10-30,source
2786314862,postcode,3114VD,addr
2786314862,housenumber,37B,addr
2786315155,source,BAG,regular
2786315155,city,Schiedam,addr
2786315155,street,Lekstraat,addr
2786315155,date,2014-10-30,source
2786315155,postcode,3114SJ,addr
2786315155,housenumber,38B,addr
2786315399,source,BAG,regular
2786315399,city,Schiedam,addr
2786315399,street,Nieuwe Haven,addr
2786315399,date,2014-10-30,source
2786315399,postcode,3114AA,addr
2786315399,housenumber,3A,addr
2786315474,source,BAG,regular
2786315474,city,Schiedam,addr
2786315474,street,Louise de Colignystraat,addr
2786315474,date,2014-10-30,source
2786315474,postcode,3116EL,addr
2786315474,housenumber,4,addr
2786315573,source,BAG,regular
2786315573,city,Schiedam,addr
2786315573,street,Klaaswaalsestraat,addr
2786315573,date,2014-10-30,source
2786315573,postcode,3114PB,addr
2786315573,housenumber,40,addr
2786315649,source,BAG,regular
2786315649,city,Schiedam,addr
2786315649,street,Dwarsstraat,addr
2786315649,date,2014-10-30,source
2786315649,postcode,3114LB,addr
2786315649,housenumber,41,addr
2786315923,source,BAG,regular
2786315923,city,Schiedam,addr
2786315923,street,Gerrit Verboonstraat,addr
2786315923,date,2014-10-30,source
2786315923,postcode,3111AA,addr
2786315923,housenumber,42,addr
2786315994,source,BAG,regular
2786315994,city,Schiedam,addr
2786315994,street,Burgemeester Knappertlaan,addr
2786315994,date,2014-10-30,source
2786315994,postcode,3116BB,addr
2786315994,housenumber,43,addr
2786316154,source,BAG,regular
2786316154,city,Schiedam,addr
2786316154,street,Lange Nieuwstraat,addr
2786316154,date,2014-10-30,source
2786316154,postcode,3111AD,addr
2786316154,housenumber,43D,addr
2786316472,source,BAG,regular
2786316472,city,Schiedam,addr
2786316472,street,François Haverschmidtlaan,addr
2786316472,date,2014-10-30,source
2786316472,postcode,3116JL,addr
2786316472,housenumber,45,addr
2786317081,source,BAG,regular
2786317081,city,Schiedam,addr
2786317081,street,Rijnstraat,addr
2786317081,date,2014-10-30,source
2786317081,postcode,3114ST,addr
2786317081,housenumber,46,addr
2786317428,source,BAG,regular
2786317428,city,Schiedam,addr
2786317428,street,Nieuwe Maasstraat,addr
2786317428,date,2014-10-30,source
2786317428,postcode,3114TL,addr
2786317428,housenumber,48,addr
2786317974,source,BAG,regular
2786317974,city,Schiedam,addr
2786317974,street,Pernissestraat,addr
2786317974,date,2014-10-30,source
2786317974,housenumber,4A,addr
2786318218,source,BAG,regular
2786318218,city,Schiedam,addr
2786318218,street,Nieuwe Haven,addr
2786318218,date,2014-10-30,source
2786318218,postcode,3114AA,addr
2786318218,housenumber,5,addr
2786318658,source,BAG,regular
2786318658,city,Schiedam,addr
2786318658,street,Tuinlaan,addr
2786318658,date,2014-10-30,source
2786318658,postcode,3111AW,addr
2786318658,housenumber,50-1,addr
2786319094,source,BAG,regular
2786319094,city,Schiedam,addr
2786319094,street,Havendijk,addr
2786319094,date,2014-10-30,source
2786319094,postcode,3114EP,addr
2786319094,housenumber,52,addr
2786319330,source,BAG,regular
2786319330,city,Schiedam,addr
2786319330,street,Nieuwe Haven,addr
2786319330,date,2014-10-30,source
2786319330,postcode,3116AA,addr
2786319330,housenumber,53A,addr
2786319827,source,BAG,regular
2786319827,city,Schiedam,addr
2786319827,street,Louise de Colignystraat,addr
2786319827,date,2014-10-30,source
2786319827,postcode,3116EJ,addr
2786319827,housenumber,55,addr
2786320056,source,BAG,regular
2786320056,city,Schiedam,addr
2786320056,street,Nieuwe Maasstraat,addr
2786320056,date,2014-10-30,source
2786320056,postcode,3114TM,addr
2786320056,housenumber,56B,addr
2786320461,source,BAG,regular
2786320461,city,Schiedam,addr
2786320461,street,Tuinlaan,addr
2786320461,date,2014-10-30,source
2786320461,postcode,3111AW,addr
2786320461,housenumber,58,addr
2786320754,source,BAG,regular
2786320754,city,Schiedam,addr
2786320754,street,Zalmstraat,addr
2786320754,date,2014-10-30,source
2786320754,postcode,3114NX,addr
2786320754,housenumber,5A,addr
2786321226,source,BAG,regular
2786321226,city,Schiedam,addr
2786321226,street,Nieuwe Maasstraat,addr
2786321226,date,2014-10-30,source
2786321226,postcode,3114TJ,addr
2786321226,housenumber,6,addr
2786321503,source,BAG,regular
2786321503,city,Schiedam,addr
2786321503,street,Nieuwe Maasstraat,addr
2786321503,date,2014-10-30,source
2786321503,postcode,3114TM,addr
2786321503,housenumber,60A,addr
2786322102,source,BAG,regular
2786322102,city,Schiedam,addr
2786322102,street,Buitenhavenweg,addr
2786322102,date,2014-10-30,source
2786322102,postcode,3113BD,addr
2786322102,housenumber,62B,addr
2786322180,source,BAG,regular
2786322180,city,Schiedam,addr
2786322180,street,Nieuwe Maasstraat,addr
2786322180,date,2014-10-30,source
2786322180,postcode,3114TM,addr
2786322180,housenumber,64C,addr
2786322548,source,BAG,regular
2786322548,city,Schiedam,addr
2786322548,street,Tuinlaan,addr
2786322548,date,2014-10-30,source
2786322548,postcode,3111AW,addr
2786322548,housenumber,66C,addr
2786322710,source,BAG,regular
2786322710,city,Schiedam,addr
2786322710,street,Tuinlaan,addr
2786322710,date,2014-10-30,source
2786322710,postcode,3111AW,addr
2786322710,housenumber,68H-1,addr
2786322973,source,BAG,regular
2786322973,city,Schiedam,addr
2786322973,street,Rhoonsestraat,addr
2786322973,date,2014-10-30,source
2786322973,postcode,3114PP,addr
2786322973,housenumber,6A,addr
2786323178,source,BAG,regular
2786323178,city,Schiedam,addr
2786323178,street,Leliestraat,addr
2786323178,date,2014-10-30,source
2786323178,postcode,3114NJ,addr
2786323178,housenumber,7,addr
2786323550,source,BAG,regular
2786323550,city,Schiedam,addr
2786323550,street,IJsselmondestraat,addr
2786323550,date,2014-10-30,source
2786323550,postcode,3114XR,addr
2786323550,housenumber,70B,addr
2786323797,source,BAG,regular
2786323797,city,Schiedam,addr
2786323797,street,Julianalaan,addr
2786323797,date,2014-10-30,source
2786323797,postcode,3116JT,addr
2786323797,housenumber,72C,addr
2786324207,source,BAG,regular
2786324207,city,Schiedam,addr
2786324207,street,Nieuwe Maasstraat,addr
2786324207,date,2014-10-30,source
2786324207,postcode,3114TN,addr
2786324207,housenumber,74B,addr
2786324401,source,BAG,regular
2786324401,city,Schiedam,addr
2786324401,street,Julianalaan,addr
2786324401,date,2014-10-30,source
2786324401,postcode,3116JT,addr
2786324401,housenumber,76C,addr
2786324654,source,BAG,regular
2786324654,city,Schiedam,addr
2786324654,street,Lange Nieuwstraat,addr
2786324654,date,2014-10-30,source
2786324654,postcode,3111AC,addr
2786324654,housenumber,7A,addr
2786324788,source,BAG,regular
2786324788,city,Schiedam,addr
2786324788,street,Louise de Colignystraat,addr
2786324788,date,2014-10-30,source
2786324788,postcode,3116EL,addr
2786324788,housenumber,8,addr
2786325127,source,BAG,regular
2786325127,city,Schiedam,addr
2786325127,street,Lekstraat,addr
2786325127,date,2014-10-30,source
2786325127,postcode,3114SL,addr
2786325127,housenumber,80B,addr
2786325365,source,BAG,regular
2786325365,city,Schiedam,addr
2786325365,street,Klaaswaalsestraat,addr
2786325365,date,2014-10-30,source
2786325365,postcode,3114PB,addr
2786325365,housenumber,84,addr
2786325503,source,BAG,regular
2786325503,city,Schiedam,addr
2786325503,street,Willemskade,addr
2786325503,date,2014-10-30,source
2786325503,postcode,3114CN,addr
2786325503,housenumber,87A,addr
2786325715,source,BAG,regular
2786325715,city,Schiedam,addr
2786325715,street,Rijnstraat,addr
2786325715,date,2014-10-30,source
2786325715,postcode,3114ST,addr
2786325715,housenumber,8B,addr
2786325866,source,BAG,regular
2786325866,city,Schiedam,addr
2786325866,street,Klaaswaalsestraat,addr
2786325866,date,2014-10-30,source
2786325866,postcode,3114PB,addr
2786325866,housenumber,9,addr
2786326073,source,BAG,regular
2786326073,city,Schiedam,addr
2786326073,street,Julianalaan,addr
2786326073,date,2014-10-30,source
2786326073,postcode,3116JV,addr
2786326073,housenumber,90C,addr
2786326512,source,BAG,regular
2786326512,city,Schiedam,addr
2786326512,street,Prins Bernhardlaan,addr
2786326512,date,2014-10-30,source
2786326512,postcode,3116HH,addr
2786326512,housenumber,94,addr
2786327144,source,BAG,regular
2786327144,city,Schiedam,addr
2786327144,street,Nieuwe Haven,addr
2786327144,date,2014-10-30,source
2786327144,postcode,3116AB,addr
2786327144,housenumber,97A,addr
2786327267,source,BAG,regular
2786327267,city,Schiedam,addr
2786327267,street,Rubenslaan,addr
2786327267,date,2014-10-30,source
2786327267,postcode,3116BM,addr
2786327267,housenumber,9B,addr
2786523213,source,BAG,regular
2786523213,city,Schiedam,addr
2786523213,street,Broersvest,addr
2786523213,date,2014-10-30,source
2786523213,postcode,3112DG,addr
2786523213,housenumber,100,addr
2786523653,source,BAG,regular
2786523653,city,Schiedam,addr
2786523653,street,Wattstraat,addr
2786523653,date,2014-10-30,source
2786523653,postcode,3112TK,addr
2786523653,housenumber,109,addr
2786524137,source,BAG,regular
2786524137,city,Schiedam,addr
2786524137,street,Marconistraat,addr
2786524137,date,2014-10-30,source
2786524137,postcode,3112EM,addr
2786524137,housenumber,119,addr
2786524595,source,BAG,regular
2786524595,city,Schiedam,addr
2786524595,street,Singel,addr
2786524595,date,2014-10-30,source
2786524595,postcode,3112GM,addr
2786524595,housenumber,127A,addr
2786525211,source,BAG,regular
2786525211,city,Schiedam,addr
2786525211,street,Marconistraat,addr
2786525211,date,2014-10-30,source
2786525211,postcode,3112EM,addr
2786525211,housenumber,137,addr
2786525712,source,BAG,regular
2786525712,city,Schiedam,addr
2786525712,street,Singel,addr
2786525712,date,2014-10-30,source
2786525712,postcode,3112GT,addr
2786525712,housenumber,142C,addr
2786526079,source,BAG,regular
2786526079,city,Schiedam,addr
2786526079,street,Rotterdamsedijk,addr
2786526079,date,2014-10-30,source
2786526079,postcode,3112BJ,addr
2786526079,housenumber,156A,addr
2786526381,source,BAG,regular
2786526381,city,Schiedam,addr
2786526381,street,Singel,addr
2786526381,date,2014-10-30,source
2786526381,postcode,3112GN,addr
2786526381,housenumber,165A-1,addr
2786526687,source,BAG,regular
2786526687,city,Schiedam,addr
2786526687,street,Rotterdamsedijk,addr
2786526687,date,2014-10-30,source
2786526687,postcode,3112BK,addr
2786526687,housenumber,176C,addr
2786526951,source,BAG,regular
2786526951,city,Schiedam,addr
2786526951,street,Professor Kamerlingh Onneslaan,addr
2786526951,date,2014-10-30,source
2786526951,postcode,3112VH,addr
2786526951,housenumber,185B,addr
2786527254,source,BAG,regular
2786527254,city,Schiedam,addr
2786527254,street,Rotterdamsedijk,addr
2786527254,date,2014-10-30,source
2786527254,postcode,3112BL,addr
2786527254,housenumber,196A,addr
2786527846,source,BAG,regular
2786527846,city,Schiedam,addr
2786527846,street,Christiaan Huygensstraat,addr
2786527846,date,2014-10-30,source
2786527846,postcode,3112DH,addr
2786527846,housenumber,20,addr
2786528342,source,BAG,regular
2786528342,city,Schiedam,addr
2786528342,street,Simon Stevinstraat,addr
2786528342,date,2014-10-30,source
2786528342,postcode,3112DP,addr
2786528342,housenumber,21,addr
2786528586,source,BAG,regular
2786528586,city,Schiedam,addr
2786528586,street,Stadserf,addr
2786528586,date,2014-10-30,source
2786528586,postcode,3112DX,addr
2786528586,housenumber,22,addr
2786528830,source,BAG,regular
2786528830,city,Schiedam,addr
2786528830,street,Simon Stevinstraat,addr
2786528830,date,2014-10-30,source
2786528830,postcode,3112DP,addr
2786528830,housenumber,23,addr
2786529169,source,BAG,regular
2786529169,city,Schiedam,addr
2786529169,street,Rotterdamsedijk,addr
2786529169,date,2014-10-30,source
2786529169,postcode,3112BP,addr
2786529169,housenumber,242B,addr
2786529520,source,BAG,regular
2786529520,city,Schiedam,addr
2786529520,street,Kepplerstraat,addr
2786529520,date,2014-10-30,source
2786529520,postcode,3112DS,addr
2786529520,housenumber,26,addr
2786529737,source,BAG,regular
2786529737,city,Schiedam,addr
2786529737,street,Rotterdamsedijk,addr
2786529737,date,2014-10-30,source
2786529737,postcode,3112BS,addr
2786529737,housenumber,270D,addr
2786530104,source,BAG,regular
2786530104,city,Schiedam,addr
2786530104,street,Marconistraat,addr
2786530104,date,2014-10-30,source
2786530104,postcode,3112EJ,addr
2786530104,housenumber,29,addr
2786530451,source,BAG,regular
2786530451,city,Schiedam,addr
2786530451,street,Stadserf,addr
2786530451,date,2014-10-30,source
2786530451,postcode,3112DX,addr
2786530451,housenumber,30,addr
2786530678,source,BAG,regular
2786530678,city,Schiedam,addr
2786530678,street,Emmastraat,addr
2786530678,date,2014-10-30,source
2786530678,postcode,3112HA,addr
2786530678,housenumber,32,addr
2786530960,source,BAG,regular
2786530960,city,Schiedam,addr
2786530960,street,Marconiweg,addr
2786530960,date,2014-10-30,source
2786530960,postcode,3112EP,addr
2786530960,housenumber,34,addr
2786531618,source,BAG,regular
2786531618,city,Schiedam,addr
2786531618,street,Simon Stevinstraat,addr
2786531618,date,2014-10-30,source
2786531618,postcode,3112DP,addr
2786531618,housenumber,37,addr
2786532109,source,BAG,regular
2786532109,city,Schiedam,addr
2786532109,street,Eerste Tuinsingel,addr
2786532109,date,2014-10-30,source
2786532109,postcode,3112ER,addr
2786532109,housenumber,3G,addr
2786535446,source,BAG,regular
2786535446,city,Schiedam,addr
2786535446,street,Van Leeuwenhoeckstraat,addr
2786535446,date,2014-10-30,source
2786535446,postcode,3112SV,addr
2786535446,housenumber,42,addr
2786535941,source,BAG,regular
2786535941,city,Schiedam,addr
2786535941,street,Villastraat,addr
2786535941,date,2014-10-30,source
2786535941,postcode,3112TB,addr
2786535941,housenumber,45,addr
2786536312,source,BAG,regular
2786536312,city,Schiedam,addr
2786536312,street,Van Leeuwenhoeckstraat,addr
2786536312,date,2014-10-30,source
2786536312,postcode,3112SV,addr
2786536312,housenumber,48A,addr
2786536625,source,BAG,regular
2786536625,city,Schiedam,addr
2786536625,street,Van Swindensingel,addr
2786536625,date,2014-10-30,source
2786536625,postcode,3112RK,addr
2786536625,housenumber,50,addr
2786537004,source,BAG,regular
2786537004,city,Schiedam,addr
2786537004,street,Marconiweg,addr
2786537004,date,2014-10-30,source
2786537004,postcode,3112EP,addr
2786537004,housenumber,54,addr
2786537228,source,BAG,regular
2786537228,city,Schiedam,addr
2786537228,street,Van Leeuwenhoeckstraat,addr
2786537228,date,2014-10-30,source
2786537228,postcode,3112SR,addr
2786537228,housenumber,57B,addr
2786537546,source,BAG,regular
2786537546,city,Schiedam,addr
2786537546,street,Simon Stevinstraat,addr
2786537546,date,2014-10-30,source
2786537546,postcode,3112DR,addr
2786537546,housenumber,6,addr
2786537861,source,BAG,regular
2786537861,city,Schiedam,addr
2786537861,street,Kepplerstraat,addr
2786537861,date,2014-10-30,source
2786537861,postcode,3112DS,addr
2786537861,housenumber,64,addr
2786538043,source,BAG,regular
2786538043,city,Schiedam,addr
2786538043,street,Stadserf,addr
2786538043,date,2014-10-30,source
2786538043,postcode,3112DX,addr
2786538043,housenumber,68,addr
2786538431,source,BAG,regular
2786538431,city,Schiedam,addr
2786538431,street,Singel,addr
2786538431,date,2014-10-30,source
2786538431,postcode,3112GR,addr
2786538431,housenumber,70,addr
2786538739,source,BAG,regular
2786538739,city,Schiedam,addr
2786538739,street,Wattstraat,addr
2786538739,date,2014-10-30,source
2786538739,postcode,3112TN,addr
2786538739,housenumber,74A,addr
2786539039,source,BAG,regular
2786539039,city,Schiedam,addr
2786539039,street,Galvanistraat,addr
2786539039,date,2014-10-30,source
2786539039,postcode,3112EA,addr
2786539039,housenumber,7A,addr
2786539436,source,BAG,regular
2786539436,city,Schiedam,addr
2786539436,street,Kepplerstraat,addr
2786539436,date,2014-10-30,source
2786539436,postcode,3112DS,addr
2786539436,housenumber,84,addr
2786540358,source,BAG,regular
2786540358,city,Schiedam,addr
2786540358,street,Emmaplein,addr
2786540358,date,2014-10-30,source
2786540358,postcode,3112DC,addr
2786540358,housenumber,9,addr
2786540683,source,BAG,regular
2786540683,city,Schiedam,addr
2786540683,street,Marconistraat,addr
2786540683,date,2014-10-30,source
2786540683,postcode,3112EM,addr
2786540683,housenumber,95A,addr
2788376112,source,BAG,regular
2788376112,city,Schiedam,addr
2788376112,street,Goeman Borgesiusstraat,addr
2788376112,date,2014-10-30,source
2788376112,postcode,3118TV,addr
2788376112,housenumber,1,addr
2788376182,source,BAG,regular
2788376182,city,Schiedam,addr
2788376182,street,Kortlandstraat,addr
2788376182,date,2014-10-30,source
2788376182,postcode,3117NC,addr
2788376182,housenumber,10,addr
2788376263,source,BAG,regular
2788376263,city,Schiedam,addr
2788376263,street,S van Houtenlaan,addr
2788376263,date,2014-10-30,source
2788376263,postcode,3118XG,addr
2788376263,housenumber,101,addr
2788376338,source,BAG,regular
2788376338,city,Schiedam,addr
2788376338,street,Burgemeester Knappertlaan,addr
2788376338,date,2014-10-30,source
2788376338,postcode,3117BC,addr
2788376338,housenumber,104,addr
2788376474,source,BAG,regular
2788376474,city,Schiedam,addr
2788376474,street,Burgemeester Van Haarenlaan,addr
2788376474,date,2014-10-30,source
2788376474,postcode,3118GA,addr
2788376474,housenumber,1069,addr
2788376686,source,BAG,regular
2788376686,city,Schiedam,addr
2788376686,street,Burgemeester Van Haarenlaan,addr
2788376686,date,2014-10-30,source
2788376686,postcode,3118GB,addr
2788376686,housenumber,1095,addr
2788376847,source,BAG,regular
2788376847,city,Schiedam,addr
2788376847,street,Gordonstraat,addr
2788376847,date,2014-10-30,source
2788376847,postcode,3117MP,addr
2788376847,housenumber,11,addr
2788377008,source,BAG,regular
2788377008,city,Schiedam,addr
2788377008,street,Mariastraat,addr
2788377008,date,2014-10-30,source
2788377008,postcode,3117NK,addr
2788377008,housenumber,111,addr
2788377272,source,BAG,regular
2788377272,city,Schiedam,addr
2788377272,street,Sint Liduinahof,addr
2788377272,date,2014-10-30,source
2788377272,postcode,3117AG,addr
2788377272,housenumber,114,addr
2788377394,source,BAG,regular
2788377394,city,Schiedam,addr
2788377394,street,Dr Kuyperlaan,addr
2788377394,date,2014-10-30,source
2788377394,postcode,3118RM,addr
2788377394,housenumber,117A,addr
2788377520,source,BAG,regular
2788377520,city,Schiedam,addr
2788377520,street,Kortlandstraat,addr
2788377520,date,2014-10-30,source
2788377520,postcode,3117NA,addr
2788377520,housenumber,11B,addr
2788377591,source,BAG,regular
2788377591,city,Schiedam,addr
2788377591,street,Tielman Oemstraat,addr
2788377591,date,2014-10-30,source
2788377591,postcode,3117CD,addr
2788377591,housenumber,12,addr
2788377675,source,BAG,regular
2788377675,city,Schiedam,addr
2788377675,street,Aleidastraat,addr
2788377675,date,2014-10-30,source
2788377675,postcode,3117DN,addr
2788377675,housenumber,122A,addr
2788377805,source,BAG,regular
2788377805,city,Schiedam,addr
2788377805,street,Sint Liduinahof,addr
2788377805,date,2014-10-30,source
2788377805,postcode,3117AH,addr
2788377805,housenumber,126,addr
2788377900,source,BAG,regular
2788377900,city,Schiedam,addr
2788377900,street,Aleidastraat,addr
2788377900,date,2014-10-30,source
2788377900,postcode,3117DE,addr
2788377900,housenumber,129B,addr
2788377971,source,BAG,regular
2788377971,city,Schiedam,addr
2788377971,street,Graaf Florisstraat,addr
2788377971,date,2014-10-30,source
2788377971,postcode,3117PJ,addr
2788377971,housenumber,13,addr
2788378095,source,BAG,regular
2788378095,city,Schiedam,addr
2788378095,street,Westfrankelandsestraat,addr
2788378095,date,2014-10-30,source
2788378095,postcode,3117AX,addr
2788378095,housenumber,132,addr
2788378212,source,BAG,regular
2788378212,city,Schiedam,addr
2788378212,street,Burgemeester Van Haarenlaan,addr
2788378212,date,2014-10-30,source
2788378212,postcode,3117GA,addr
2788378212,housenumber,1383,addr
2788378520,source,BAG,regular
2788378520,city,Schiedam,addr
2788378520,street,Brugmanstraat,addr
2788378520,date,2014-10-30,source
2788378520,postcode,3117KD,addr
2788378520,housenumber,14,addr
2788378626,source,BAG,regular
2788378626,city,Schiedam,addr
2788378626,street,Doctor Schaepmansingel,addr
2788378626,date,2014-10-30,source
2788378626,postcode,3118XK,addr
2788378626,housenumber,140,addr
2788378703,source,BAG,regular
2788378703,city,Schiedam,addr
2788378703,street,Burgemeester Stulemeijerlaan,addr
2788378703,date,2014-10-30,source
2788378703,postcode,3118BD,addr
2788378703,housenumber,143,addr
2788378789,source,BAG,regular
2788378789,city,Schiedam,addr
2788378789,street,Mariastraat,addr
2788378789,date,2014-10-30,source
2788378789,postcode,3117NS,addr
2788378789,housenumber,146,addr
2788378891,source,BAG,regular
2788378891,city,Schiedam,addr
2788378891,street,Rembrandtlaan,addr
2788378891,date,2014-10-30,source
2788378891,postcode,3117VK,addr
2788378891,housenumber,14A,addr
2788379064,source,BAG,regular
2788379064,city,Schiedam,addr
2788379064,street,Kortlandstraat,addr
2788379064,date,2014-10-30,source
2788379064,postcode,3117NA,addr
2788379064,housenumber,15-2,addr
2788379164,source,BAG,regular
2788379164,city,Schiedam,addr
2788379164,street,Vlaardingerdijk,addr
2788379164,date,2014-10-30,source
2788379164,postcode,3117EJ,addr
2788379164,housenumber,153B,addr
2788379617,source,BAG,regular
2788379617,city,Schiedam,addr
2788379617,street,Anthonie Muysstraat,addr
2788379617,date,2014-10-30,source
2788379617,postcode,3117LA,addr
2788379617,housenumber,15B,addr
2788379889,source,BAG,regular
2788379889,city,Schiedam,addr
2788379889,street,Thorbeckesingel,addr
2788379889,date,2014-10-30,source
2788379889,postcode,3118RW,addr
2788379889,housenumber,16,addr
2788379962,source,BAG,regular
2788379962,city,Schiedam,addr
2788379962,street,Aleidastraat,addr
2788379962,date,2014-10-30,source
2788379962,postcode,3117DG,addr
2788379962,housenumber,16A,addr
2788380127,source,BAG,regular
2788380127,city,Schiedam,addr
2788380127,street,Anthonie Muysstraat,addr
2788380127,date,2014-10-30,source
2788380127,postcode,3117LA,addr
2788380127,housenumber,17,addr
2788380252,source,BAG,regular
2788380252,city,Schiedam,addr
2788380252,street,Burgemeester Stulemeijerlaan,addr
2788380252,date,2014-10-30,source
2788380252,postcode,3118BD,addr
2788380252,housenumber,173,addr
2788380434,source,BAG,regular
2788380434,city,Schiedam,addr
2788380434,street,Nicolaas Beetsstraat,addr
2788380434,date,2014-10-30,source
2788380434,postcode,3117SM,addr
2788380434,housenumber,17B,addr
2788380608,source,BAG,regular
2788380608,city,Schiedam,addr
2788380608,street,Van den Tempelstraat,addr
2788380608,date,2014-10-30,source
2788380608,postcode,3118TK,addr
2788380608,housenumber,18,addr
2788380843,source,BAG,regular
2788380843,city,Schiedam,addr
2788380843,street,Warande,addr
2788380843,date,2014-10-30,source
2788380843,postcode,3117CL,addr
2788380843,housenumber,187,addr
2788381199,source,BAG,regular
2788381199,city,Schiedam,addr
2788381199,street,Da Costastraat,addr
2788381199,date,2014-10-30,source
2788381199,postcode,3117PG,addr
2788381199,housenumber,19,addr
2788381529,source,BAG,regular
2788381529,city,Schiedam,addr
2788381529,street,Mariastraat,addr
2788381529,date,2014-10-30,source
2788381529,postcode,3117NK,addr
2788381529,housenumber,193,addr
2788381733,source,BAG,regular
2788381733,city,Schiedam,addr
2788381733,street,Nicolaas Beetsstraat,addr
2788381733,date,2014-10-30,source
2788381733,postcode,3117SM,addr
2788381733,housenumber,19B,addr
2788382322,source,BAG,regular
2788382322,city,Schiedam,addr
2788382322,street,Graaf Florisstraat,addr
2788382322,date,2014-10-30,source
2788382322,postcode,3117PL,addr
2788382322,housenumber,2,addr
2788382707,source,BAG,regular
2788382707,city,Schiedam,addr
2788382707,street,Groen van Prinstererstraat,addr
2788382707,date,2014-10-30,source
2788382707,postcode,3118TW,addr
2788382707,housenumber,20,addr
2788383053,source,BAG,regular
2788383053,city,Schiedam,addr
2788383053,street,Mariastraat,addr
2788383053,date,2014-10-30,source
2788383053,postcode,3117NK,addr
2788383053,housenumber,203,addr
2788383223,source,BAG,regular
2788383223,city,Schiedam,addr
2788383223,street,Huysmansstraat,addr
2788383223,date,2014-10-30,source
2788383223,postcode,3117KN,addr
2788383223,housenumber,20B,addr
2788383508,source,BAG,regular
2788383508,city,Schiedam,addr
2788383508,street,Dr Kuyperlaan,addr
2788383508,date,2014-10-30,source
2788383508,postcode,3118RN,addr
2788383508,housenumber,211,addr
2788383629,source,BAG,regular
2788383629,city,Schiedam,addr
2788383629,street,Potgieterstraat,addr
2788383629,date,2014-10-30,source
2788383629,postcode,3117RP,addr
2788383629,housenumber,21A,addr
2788383900,source,BAG,regular
2788383900,city,Schiedam,addr
2788383900,street,Schaperlaan,addr
2788383900,date,2014-10-30,source
2788383900,postcode,3118XN,addr
2788383900,housenumber,22,addr
2788384116,source,BAG,regular
2788384116,city,Schiedam,addr
2788384116,street,Albert Cuijpstraat,addr
2788384116,date,2014-10-30,source
2788384116,postcode,3117WC,addr
2788384116,housenumber,22A,addr
2788384418,source,BAG,regular
2788384418,city,Schiedam,addr
2788384418,street,Schaperlaan,addr
2788384418,date,2014-10-30,source
2788384418,postcode,3118XL,addr
2788384418,housenumber,23,addr
2788384653,source,BAG,regular
2788384653,city,Schiedam,addr
2788384653,street,Potgieterstraat,addr
2788384653,date,2014-10-30,source
2788384653,postcode,3117RP,addr
2788384653,housenumber,23A,addr
2788384999,source,BAG,regular
2788384999,city,Schiedam,addr
2788384999,street,Paulus Potterstraat,addr
2788384999,date,2014-10-30,source
2788384999,postcode,3117XE,addr
2788384999,housenumber,24,addr
2788385124,source,BAG,regular
2788385124,city,Schiedam,addr
2788385124,street,Burgemeester Knappertlaan,addr
2788385124,date,2014-10-30,source
2788385124,postcode,3117JC,addr
2788385124,housenumber,248B,addr
2788385663,source,BAG,regular
2788385663,city,Schiedam,addr
2788385663,street,S van Houtenlaan,addr
2788385663,date,2014-10-30,source
2788385663,postcode,3118XE,addr
2788385663,housenumber,25,addr
2788385936,source,BAG,regular
2788385936,city,Schiedam,addr
2788385936,street,Nieuwe Haven,addr
2788385936,date,2014-10-30,source
2788385936,postcode,3117AB,addr
2788385936,housenumber,259B,addr
2788386462,source,BAG,regular
2788386462,city,Schiedam,addr
2788386462,street,Paulus Potterstraat,addr
2788386462,date,2014-10-30,source
2788386462,postcode,3117XE,addr
2788386462,housenumber,26,addr
2788386798,source,BAG,regular
2788386798,city,Schiedam,addr
2788386798,street,Vlaardingerdijk,addr
2788386798,date,2014-10-30,source
2788386798,postcode,3117EP,addr
2788386798,housenumber,267B,addr
2788387269,source,BAG,regular
2788387269,city,Schiedam,addr
2788387269,street,Paulus Potterstraat,addr
2788387269,date,2014-10-30,source
2788387269,postcode,3117XB,addr
2788387269,housenumber,27,addr
2788387692,source,BAG,regular
2788387692,city,Schiedam,addr
2788387692,street,Nieuwe Haven,addr
2788387692,date,2014-10-30,source
2788387692,postcode,3117AC,addr
2788387692,housenumber,279G,addr
2788388242,source,BAG,regular
2788388242,city,Schiedam,addr
2788388242,street,Professor Aalberselaan,addr
2788388242,date,2014-10-30,source
2788388242,postcode,3118XC,addr
2788388242,housenumber,28,addr
2788388439,source,BAG,regular
2788388439,city,Schiedam,addr
2788388439,street,Nieuwe Haven,addr
2788388439,date,2014-10-30,source
2788388439,postcode,3117AC,addr
2788388439,housenumber,289A-2,addr
2788388681,source,BAG,regular
2788388681,city,Schiedam,addr
2788388681,street,Sint Liduinahof,addr
2788388681,date,2014-10-30,source
2788388681,postcode,3117AG,addr
2788388681,housenumber,29,addr
2788388834,source,BAG,regular
2788388834,city,Schiedam,addr
2788388834,street,Mesdaglaan,addr
2788388834,date,2014-10-30,source
2788388834,postcode,3117TH,addr
2788388834,housenumber,29B,addr
2788389031,source,BAG,regular
2788389031,city,Schiedam,addr
2788389031,street,Fabristraat,addr
2788389031,date,2014-10-30,source
2788389031,postcode,3117ME,addr
2788389031,housenumber,3,addr
2788389260,source,BAG,regular
2788389260,city,Schiedam,addr
2788389260,street,Jacob van Lennepstraat,addr
2788389260,date,2014-10-30,source
2788389260,postcode,3117SK,addr
2788389260,housenumber,30,addr
2788389478,source,BAG,regular
2788389478,city,Schiedam,addr
2788389478,street,Anthonie Muysstraat,addr
2788389478,date,2014-10-30,source
2788389478,postcode,3117LD,addr
2788389478,housenumber,30A,addr
2788389700,source,BAG,regular
2788389700,city,Schiedam,addr
2788389700,street,Vlaardingerdijk,addr
2788389700,date,2014-10-30,source
2788389700,postcode,3117ES,addr
2788389700,housenumber,319B,addr
2788389893,source,BAG,regular
2788389893,city,Schiedam,addr
2788389893,street,Hofje van Belois,addr
2788389893,date,2014-10-30,source
2788389893,postcode,3117DS,addr
2788389893,housenumber,32,addr
2788390211,source,BAG,regular
2788390211,city,Schiedam,addr
2788390211,street,Jacob van Lennepstraat,addr
2788390211,date,2014-10-30,source
2788390211,postcode,3117SK,addr
2788390211,housenumber,32B,addr
2788390633,source,BAG,regular
2788390633,city,Schiedam,addr
2788390633,street,Brugmanstraat,addr
2788390633,date,2014-10-30,source
2788390633,postcode,3117KC,addr
2788390633,housenumber,33A,addr
2788390936,source,BAG,regular
2788390936,city,Schiedam,addr
2788390936,street,Sint Liduinahof,addr
2788390936,date,2014-10-30,source
2788390936,postcode,3117AH,addr
2788390936,housenumber,34,addr
2788391139,source,BAG,regular
2788391139,city,Schiedam,addr
2788391139,street,Dr Wibautplein,addr
2788391139,date,2014-10-30,source
2788391139,postcode,3118KA,addr
2788391139,housenumber,35,addr
2788391431,source,BAG,regular
2788391431,city,Schiedam,addr
2788391431,street,Vondellaan,addr
2788391431,date,2014-10-30,source
2788391431,postcode,3117PT,addr
2788391431,housenumber,35B,addr
2788391592,source,BAG,regular
2788391592,city,Schiedam,addr
2788391592,street,Burgemeester Honnerlage Gretelaan,addr
2788391592,date,2014-10-30,source
2788391592,postcode,3118BA,addr
2788391592,housenumber,363M,addr
2788391831,source,BAG,regular
2788391831,city,Schiedam,addr
2788391831,street,Hofje van Belois,addr
2788391831,date,2014-10-30,source
2788391831,postcode,3117DR,addr
2788391831,housenumber,37,addr
2788392114,source,BAG,regular
2788392114,city,Schiedam,addr
2788392114,street,Doctor Schaepmansingel,addr
2788392114,date,2014-10-30,source
2788392114,postcode,3118XJ,addr
2788392114,housenumber,38,addr
2788392325,source,BAG,regular
2788392325,city,Schiedam,addr
2788392325,street,Bilderdijkstraat,addr
2788392325,date,2014-10-30,source
2788392325,postcode,3117PB,addr
2788392325,housenumber,39,addr
2788392500,source,BAG,regular
2788392500,city,Schiedam,addr
2788392500,street,Vondellaan,addr
2788392500,date,2014-10-30,source
2788392500,postcode,3117PT,addr
2788392500,housenumber,39B,addr
2788392574,source,BAG,regular
2788392574,city,Schiedam,addr
2788392574,street,Burgemeester Gijsenlaan,addr
2788392574,date,2014-10-30,source
2788392574,postcode,3118BK,addr
2788392574,housenumber,4,addr
2788392924,source,BAG,regular
2788392924,city,Schiedam,addr
2788392924,street,Dr Wibautplein,addr
2788392924,date,2014-10-30,source
2788392924,postcode,3118KE,addr
2788392924,housenumber,40,addr
2788393198,source,BAG,regular
2788393198,city,Schiedam,addr
2788393198,street,Aleidastraat,addr
2788393198,date,2014-10-30,source
2788393198,postcode,3117DH,addr
2788393198,housenumber,40C,addr
2788393528,source,BAG,regular
2788393528,city,Schiedam,addr
2788393528,street,Burgemeester Stulemeijerlaan,addr
2788393528,date,2014-10-30,source
2788393528,postcode,3118BJ,addr
2788393528,housenumber,42,addr
2788393820,source,BAG,regular
2788393820,city,Schiedam,addr
2788393820,street,Aleidastraat,addr
2788393820,date,2014-10-30,source
2788393820,postcode,3117DH,addr
2788393820,housenumber,42C,addr
2788394221,source,BAG,regular
2788394221,city,Schiedam,addr
2788394221,street,Havenbogen,addr
2788394221,date,2014-10-30,source
2788394221,postcode,3117NT,addr
2788394221,housenumber,44,addr
2788394690,source,BAG,regular
2788394690,city,Schiedam,addr
2788394690,street,Burgemeester Stulemeijerlaan,addr
2788394690,date,2014-10-30,source
2788394690,postcode,3118BC,addr
2788394690,housenumber,45,addr
2788395162,source,BAG,regular
2788395162,city,Schiedam,addr
2788395162,street,Huysmansstraat,addr
2788395162,date,2014-10-30,source
2788395162,postcode,3117KP,addr
2788395162,housenumber,46,addr
2788395484,source,BAG,regular
2788395484,city,Schiedam,addr
2788395484,street,Nieuwlandplein,addr
2788395484,date,2014-10-30,source
2788395484,postcode,3118AE,addr
2788395484,housenumber,47,addr
2788395973,source,BAG,regular
2788395973,city,Schiedam,addr
2788395973,street,Van den Tempelstraat,addr
2788395973,date,2014-10-30,source
2788395973,postcode,3118TL,addr
2788395973,housenumber,48,addr
2788396201,source,BAG,regular
2788396201,city,Schiedam,addr
2788396201,street,Jan van Avennesstraat,addr
2788396201,date,2014-10-30,source
2788396201,postcode,3117PP,addr
2788396201,housenumber,49A,addr
2788396477,source,BAG,regular
2788396477,city,Schiedam,addr
2788396477,street,Burgemeester Knappertlaan,addr
2788396477,date,2014-10-30,source
2788396477,postcode,3117BA,addr
2788396477,housenumber,4C,addr
2788396825,source,BAG,regular
2788396825,city,Schiedam,addr
2788396825,street,Thomas à Kempisstraat,addr
2788396825,date,2014-10-30,source
2788396825,postcode,3117CA,addr
2788396825,housenumber,5,addr
2788397109,source,BAG,regular
2788397109,city,Schiedam,addr
2788397109,street,Vondellaan,addr
2788397109,date,2014-10-30,source
2788397109,postcode,3117PZ,addr
2788397109,housenumber,50,addr
2788397315,source,BAG,regular
2788397315,city,Schiedam,addr
2788397315,street,Brugmanstraat,addr
2788397315,date,2014-10-30,source
2788397315,postcode,3117KC,addr
2788397315,housenumber,51A,addr
2788397564,source,BAG,regular
2788397564,city,Schiedam,addr
2788397564,street,Gordonstraat,addr
2788397564,date,2014-10-30,source
2788397564,postcode,3117MT,addr
2788397564,housenumber,52B,addr
2788397801,source,BAG,regular
2788397801,city,Schiedam,addr
2788397801,street,Graaf Florisstraat,addr
2788397801,date,2014-10-30,source
2788397801,postcode,3117PM,addr
2788397801,housenumber,54,addr
2788398108,source,BAG,regular
2788398108,city,Schiedam,addr
2788398108,street,Talmalaan,addr
2788398108,date,2014-10-30,source
2788398108,postcode,3118XS,addr
2788398108,housenumber,55,addr
2788398376,source,BAG,regular
2788398376,city,Schiedam,addr
2788398376,street,Vondellaan,addr
2788398376,date,2014-10-30,source
2788398376,postcode,3117PZ,addr
2788398376,housenumber,56B,addr
2788398739,source,BAG,regular
2788398739,city,Schiedam,addr
2788398739,street,Sint Liduinahof,addr
2788398739,date,2014-10-30,source
2788398739,postcode,3117AG,addr
2788398739,housenumber,58,addr
2788398814,source,BAG,regular
2788398814,city,Schiedam,addr
2788398814,street,Vlaardingerdijk,addr
2788398814,date,2014-10-30,source
2788398814,postcode,3117EC,addr
2788398814,housenumber,59B,addr
2788398887,source,BAG,regular
2788398887,city,Schiedam,addr
2788398887,street,Dr Wibautplein,addr
2788398887,date,2014-10-30,source
2788398887,postcode,3118KE,addr
2788398887,housenumber,6,addr
2788398958,source,BAG,regular
2788398958,city,Schiedam,addr
2788398958,street,Paulus Potterstraat,addr
2788398958,date,2014-10-30,source
2788398958,postcode,3117XG,addr
2788398958,housenumber,60,addr
2788399032,source,BAG,regular
2788399032,city,Schiedam,addr
2788399032,street,Rembrandtlaan,addr
2788399032,date,2014-10-30,source
2788399032,postcode,3117VE,addr
2788399032,housenumber,61B,addr
2788399122,source,BAG,regular
2788399122,city,Schiedam,addr
2788399122,street,Havenbogen,addr
2788399122,date,2014-10-30,source
2788399122,postcode,3117NT,addr
2788399122,housenumber,63,addr
2788399200,source,BAG,regular
2788399200,city,Schiedam,addr
2788399200,street,Rembrandtlaan,addr
2788399200,date,2014-10-30,source
2788399200,postcode,3117VN,addr
2788399200,housenumber,64A,addr
2788399339,source,BAG,regular
2788399339,city,Schiedam,addr
2788399339,street,Havenbogen,addr
2788399339,date,2014-10-30,source
2788399339,postcode,3117NT,addr
2788399339,housenumber,66,addr
2788399806,source,BAG,regular
2788399806,city,Schiedam,addr
2788399806,street,Nieuwe Damlaan,addr
2788399806,date,2014-10-30,source
2788399806,postcode,3118AA,addr
2788399806,housenumber,674,addr
2788400182,source,BAG,regular
2788400182,city,Schiedam,addr
2788400182,street,Dr Wibautplein,addr
2788400182,date,2014-10-30,source
2788400182,postcode,3118KB,addr
2788400182,housenumber,69,addr
2788400553,source,BAG,regular
2788400553,city,Schiedam,addr
2788400553,street,Burgemeester Knappertlaan,addr
2788400553,date,2014-10-30,source
2788400553,postcode,3117BA,addr
2788400553,housenumber,6B,addr
2788400798,source,BAG,regular
2788400798,city,Schiedam,addr
2788400798,street,Professor Aalberselaan,addr
2788400798,date,2014-10-30,source
2788400798,postcode,3118XA,addr
2788400798,housenumber,7,addr
2788401057,source,BAG,regular
2788401057,city,Schiedam,addr
2788401057,street,Anthonie Muysstraat,addr
2788401057,date,2014-10-30,source
2788401057,postcode,3117LC,addr
2788401057,housenumber,71,addr
2788401368,source,BAG,regular
2788401368,city,Schiedam,addr
2788401368,street,Van den Tempelstraat,addr
2788401368,date,2014-10-30,source
2788401368,postcode,3118TL,addr
2788401368,housenumber,72,addr
2788401550,source,BAG,regular
2788401550,city,Schiedam,addr
2788401550,street,Burgemeester Stulemeijerlaan,addr
2788401550,date,2014-10-30,source
2788401550,postcode,3118BJ,addr
2788401550,housenumber,74,addr
2788401628,source,BAG,regular
2788401628,city,Schiedam,addr
2788401628,street,Nieuwe Damlaan,addr
2788401628,date,2014-10-30,source
2788401628,postcode,3118AB,addr
2788401628,housenumber,754,addr
2788401709,source,BAG,regular
2788401709,city,Schiedam,addr
2788401709,street,Mariastraat,addr
2788401709,date,2014-10-30,source
2788401709,postcode,3117NJ,addr
2788401709,housenumber,77,addr
2788401791,source,BAG,regular
2788401791,city,Schiedam,addr
2788401791,street,Burgemeester Gijsenlaan,addr
2788401791,date,2014-10-30,source
2788401791,postcode,3118BM,addr
2788401791,housenumber,79,addr
2788401968,source,BAG,regular
2788401968,city,Schiedam,addr
2788401968,street,Jacob Marisstraat,addr
2788401968,date,2014-10-30,source
2788401968,postcode,3117WN,addr
2788401968,housenumber,7B,addr
2788402230,source,BAG,regular
2788402230,city,Schiedam,addr
2788402230,street,Tollensstraat,addr
2788402230,date,2014-10-30,source
2788402230,postcode,3117SX,addr
2788402230,housenumber,8,addr
2788402653,source,BAG,regular
2788402653,city,Schiedam,addr
2788402653,street,Jan Steenstraat,addr
2788402653,date,2014-10-30,source
2788402653,postcode,3117TC,addr
2788402653,housenumber,81,addr
2788402722,source,BAG,regular
2788402722,city,Schiedam,addr
2788402722,street,Nieuwe Damlaan,addr
2788402722,date,2014-10-30,source
2788402722,postcode,3118AC,addr
2788402722,housenumber,828,addr
2788402799,source,BAG,regular
2788402799,city,Schiedam,addr
2788402799,street,Huysmansstraat,addr
2788402799,date,2014-10-30,source
2788402799,postcode,3117KR,addr
2788402799,housenumber,84,addr
2788402871,source,BAG,regular
2788402871,city,Schiedam,addr
2788402871,street,Burgemeester Knappertlaan,addr
2788402871,date,2014-10-30,source
2788402871,postcode,3117BC,addr
2788402871,housenumber,86,addr
2788402948,source,BAG,regular
2788402948,city,Schiedam,addr
2788402948,street,Jan Steenstraat,addr
2788402948,date,2014-10-30,source
2788402948,postcode,3117TC,addr
2788402948,housenumber,87A,addr
2788403062,source,BAG,regular
2788403062,city,Schiedam,addr
2788403062,street,Nieuwe Damlaan,addr
2788403062,date,2014-10-30,source
2788403062,postcode,3118AC,addr
2788403062,housenumber,892,addr
2788403139,source,BAG,regular
2788403139,city,Schiedam,addr
2788403139,street,Westfrankelandsestraat,addr
2788403139,date,2014-10-30,source
2788403139,postcode,3117AR,addr
2788403139,housenumber,8D,addr
2788403210,source,BAG,regular
2788403210,city,Schiedam,addr
2788403210,street,Burgemeester Knappertlaan,addr
2788403210,date,2014-10-30,source
2788403210,postcode,3117BC,addr
2788403210,housenumber,90,addr
2788403320,source,BAG,regular
2788403320,city,Schiedam,addr
2788403320,street,Schaperlaan,addr
2788403320,date,2014-10-30,source
2788403320,postcode,3118XP,addr
2788403320,housenumber,92,addr
2788403578,source,BAG,regular
2788403578,city,Schiedam,addr
2788403578,street,Sint Liduinahof,addr
2788403578,date,2014-10-30,source
2788403578,postcode,3117AG,addr
2788403578,housenumber,95,addr
2788403717,source,BAG,regular
2788403717,city,Schiedam,addr
2788403717,street,Sint Liduinastraat,addr
2788403717,date,2014-10-30,source
2788403717,postcode,3117CW,addr
2788403717,housenumber,98A,addr
2788919580,source,BAG,regular
2788919580,city,Rotterdam,addr
2788919580,street,Sydneystraat,addr
2788919580,date,2014-10-30,source
2788919580,postcode,3047BP,addr
2788919580,housenumber,100,addr
2788920214,source,BAG,regular
2788920214,city,Rotterdam,addr
2788920214,street,Cairostraat,addr
2788920214,date,2014-10-30,source
2788920214,postcode,3047BB,addr
2788920214,housenumber,119,addr
2788920828,source,BAG,regular
2788920828,city,Rotterdam,addr
2788920828,street,Kiotoweg,addr
2788920828,date,2014-10-30,source
2788920828,postcode,3047BG,addr
2788920828,housenumber,138,addr
2788921396,source,BAG,regular
2788921396,city,Rotterdam,addr
2788921396,street,Osakastraat,addr
2788921396,date,2014-10-30,source
2788921396,postcode,3047AK,addr
2788921396,housenumber,17,addr
2788921810,source,BAG,regular
2788921810,city,Rotterdam,addr
2788921810,street,Melbournestraat,addr
2788921810,date,2014-10-30,source
2788921810,postcode,3047BJ,addr
2788921810,housenumber,28B,addr
2788921950,source,BAG,regular
2788921950,city,Rotterdam,addr
2788921950,street,Delftweg,addr
2788921950,date,2014-10-30,source
2788921950,postcode,3046NH,addr
2788921950,housenumber,337,addr
2788922056,source,BAG,regular
2788922056,city,Rotterdam,addr
2788922056,street,Kiotoweg,addr
2788922056,date,2014-10-30,source
2788922056,postcode,3047BG,addr
2788922056,housenumber,389,addr
2788922151,source,BAG,regular
2788922151,city,Rotterdam,addr
2788922151,street,Singaporestraat,addr
2788922151,date,2014-10-30,source
2788922151,postcode,3047BE,addr
2788922151,housenumber,46,addr
2788922394,source,BAG,regular
2788922394,city,Rotterdam,addr
2788922394,street,Osakastraat,addr
2788922394,date,2014-10-30,source
2788922394,postcode,3047AK,addr
2788922394,housenumber,6,addr
2788922914,source,BAG,regular
2788922914,city,Rotterdam,addr
2788922914,street,Melbournestraat,addr
2788922914,date,2014-10-30,source
2788922914,postcode,3047BJ,addr
2788922914,housenumber,70A,addr
2788923190,source,BAG,regular
2788923190,city,Rotterdam,addr
2788923190,street,Bombaystraat,addr
2788923190,date,2014-10-30,source
2788923190,postcode,3047BA,addr
2788923190,housenumber,79,addr
2789225415,source,BAG,regular
2789225415,city,Schiedam,addr
2789225415,street,J.C. van Markenstraat,addr
2789225415,date,2014-10-30,source
2789225415,postcode,3119VG,addr
2789225415,housenumber,10,addr
2789225694,source,BAG,regular
2789225694,city,Schiedam,addr
2789225694,street,Burgemeester Van Haarenlaan,addr
2789225694,date,2014-10-30,source
2789225694,postcode,3119GH,addr
2789225694,housenumber,1017,addr
2789226062,source,BAG,regular
2789226062,city,Schiedam,addr
2789226062,street,Van Heuven Goedhartstraat,addr
2789226062,date,2014-10-30,source
2789226062,postcode,3119RT,addr
2789226062,housenumber,106,addr
2789226447,source,BAG,regular
2789226447,city,Schiedam,addr
2789226447,street,Roëllstraat,addr
2789226447,date,2014-10-30,source
2789226447,postcode,3119RH,addr
2789226447,housenumber,11,addr
2789226872,source,BAG,regular
2789226872,city,Schiedam,addr
2789226872,street,Burgemeester Honnerlage Gretelaan,addr
2789226872,date,2014-10-30,source
2789226872,postcode,3119BB,addr
2789226872,housenumber,115,addr
2789227151,source,BAG,regular
2789227151,city,Schiedam,addr
2789227151,street,Hollandiahof,addr
2789227151,date,2014-10-30,source
2789227151,postcode,3119ZD,addr
2789227151,housenumber,12,addr
2789227573,source,BAG,regular
2789227573,city,Schiedam,addr
2789227573,street,Hollandiahof,addr
2789227573,date,2014-10-30,source
2789227573,postcode,3119ZD,addr
2789227573,housenumber,124,addr
2789228030,source,BAG,regular
2789228030,city,Schiedam,addr
2789228030,street,Joop den Uyllaan,addr
2789228030,date,2014-10-30,source
2789228030,postcode,3119VJ,addr
2789228030,housenumber,13,addr
2789228456,source,BAG,regular
2789228456,city,Schiedam,addr
2789228456,street,Monseigneur Nolenslaan,addr
2789228456,date,2014-10-30,source
2789228456,postcode,3119EC,addr
2789228456,housenumber,135,addr
2789228743,source,BAG,regular
2789228743,city,Schiedam,addr
2789228743,street,Schermerhornlaan,addr
2789228743,date,2014-10-30,source
2789228743,postcode,3119SJ,addr
2789228743,housenumber,14,addr
2789229248,source,BAG,regular
2789229248,city,Schiedam,addr
2789229248,street,Burgemeester Honnerlage Gretelaan,addr
2789229248,date,2014-10-30,source
2789229248,postcode,3119BC,addr
2789229248,housenumber,149,addr
2789229501,source,BAG,regular
2789229501,city,Schiedam,addr
2789229501,street,Damlaan,addr
2789229501,date,2014-10-30,source
2789229501,postcode,3119AD,addr
2789229501,housenumber,156,addr
2789229835,source,BAG,regular
2789229835,city,Schiedam,addr
2789229835,street,Alphons Ariënsstraat,addr
2789229835,date,2014-10-30,source
2789229835,postcode,3119VC,addr
2789229835,housenumber,162,addr
2789230063,source,BAG,regular
2789230063,city,Schiedam,addr
2789230063,street,Officierenpad,addr
2789230063,date,2014-10-30,source
2789230063,postcode,3119DN,addr
2789230063,housenumber,17,addr
2789230453,source,BAG,regular
2789230453,city,Schiedam,addr
2789230453,street,Dirk Gerhardtstraat,addr
2789230453,date,2014-10-30,source
2789230453,postcode,3119BT,addr
2789230453,housenumber,18,addr
2789230727,source,BAG,regular
2789230727,city,Schiedam,addr
2789230727,street,Monseigneur Nolenslaan,addr
2789230727,date,2014-10-30,source
2789230727,postcode,3119EG,addr
2789230727,housenumber,187,addr
2789231165,source,BAG,regular
2789231165,city,Schiedam,addr
2789231165,street,Monseigneur Nolenslaan,addr
2789231165,date,2014-10-30,source
2789231165,postcode,3119EG,addr
2789231165,housenumber,191,addr
2789231578,source,BAG,regular
2789231578,city,Schiedam,addr
2789231578,street,Doctor Willem Dreesplein,addr
2789231578,date,2014-10-30,source
2789231578,postcode,3119CW,addr
2789231578,housenumber,2,addr
2789231894,source,BAG,regular
2789231894,city,Schiedam,addr
2789231894,street,Damlaan,addr
2789231894,date,2014-10-30,source
2789231894,postcode,3119AE,addr
2789231894,housenumber,200,addr
2789232151,source,BAG,regular
2789232151,city,Schiedam,addr
2789232151,street,Damlaan,addr
2789232151,date,2014-10-30,source
2789232151,postcode,3119AE,addr
2789232151,housenumber,210,addr
2789232605,source,BAG,regular
2789232605,city,Schiedam,addr
2789232605,street,Burgemeester Honnerlage Gretelaan,addr
2789232605,date,2014-10-30,source
2789232605,postcode,3119BE,addr
2789232605,housenumber,221,addr
2789233060,source,BAG,regular
2789233060,city,Schiedam,addr
2789233060,street,Parkweg,addr
2789233060,date,2014-10-30,source
2789233060,postcode,3119CG,addr
2789233060,housenumber,231,addr
2789233685,source,BAG,regular
2789233685,city,Schiedam,addr
2789233685,street,Vendelhof,addr
2789233685,date,2014-10-30,source
2789233685,postcode,3119DM,addr
2789233685,housenumber,24,addr
2789234202,source,BAG,regular
2789234202,city,Schiedam,addr
2789234202,street,Van Heuven Goedhartstraat,addr
2789234202,date,2014-10-30,source
2789234202,postcode,3119RM,addr
2789234202,housenumber,25,addr
2789234801,source,BAG,regular
2789234801,city,Schiedam,addr
2789234801,street,Minister Donkerstraat,addr
2789234801,date,2014-10-30,source
2789234801,postcode,3119RE,addr
2789234801,housenumber,26,addr
2789235058,source,BAG,regular
2789235058,city,Schiedam,addr
2789235058,street,Loeffstraat,addr
2789235058,date,2014-10-30,source
2789235058,postcode,3119SB,addr
2789235058,housenumber,27,addr
2789235336,source,BAG,regular
2789235336,city,Schiedam,addr
2789235336,street,Mackaystraat,addr
2789235336,date,2014-10-30,source
2789235336,postcode,3119RC,addr
2789235336,housenumber,28,addr
2789235613,source,BAG,regular
2789235613,city,Schiedam,addr
2789235613,street,Schuttersveld,addr
2789235613,date,2014-10-30,source
2789235613,postcode,3119DE,addr
2789235613,housenumber,29,addr
2789235949,source,BAG,regular
2789235949,city,Schiedam,addr
2789235949,street,Roëllstraat,addr
2789235949,date,2014-10-30,source
2789235949,postcode,3119RH,addr
2789235949,housenumber,3,addr
2789236238,source,BAG,regular
2789236238,city,Schiedam,addr
2789236238,street,De Wildestraat,addr
2789236238,date,2014-10-30,source
2789236238,postcode,3119PK,addr
2789236238,housenumber,31,addr
2789236652,source,BAG,regular
2789236652,city,Schiedam,addr
2789236652,street,Piersonstraat,addr
2789236652,date,2014-10-30,source
2789236652,postcode,3119RG,addr
2789236652,housenumber,32,addr
2789236975,source,BAG,regular
2789236975,city,Schiedam,addr
2789236975,street,Delflandseweg,addr
2789236975,date,2014-10-30,source
2789236975,postcode,3119XH,addr
2789236975,housenumber,336,addr
2789237346,source,BAG,regular
2789237346,city,Schiedam,addr
2789237346,street,Doctor Willem Dreesplein,addr
2789237346,date,2014-10-30,source
2789237346,postcode,3119CW,addr
2789237346,housenumber,35,addr
2789237587,source,BAG,regular
2789237587,city,Schiedam,addr
2789237587,street,Schuttersveld,addr
2789237587,date,2014-10-30,source
2789237587,postcode,3119DG,addr
2789237587,housenumber,36,addr
2789237901,source,BAG,regular
2789237901,city,Schiedam,addr
2789237901,street,Parkweg,addr
2789237901,date,2014-10-30,source
2789237901,postcode,3119CK,addr
2789237901,housenumber,379,addr
2789238173,source,BAG,regular
2789238173,city,Schiedam,addr
2789238173,street,Delflandseweg,addr
2789238173,date,2014-10-30,source
2789238173,postcode,3119XJ,addr
2789238173,housenumber,390,addr
2789238548,source,BAG,regular
2789238548,city,Schiedam,addr
2789238548,street,Albardastraat,addr
2789238548,date,2014-10-30,source
2789238548,postcode,3119PC,addr
2789238548,housenumber,40,addr
2789238766,source,BAG,regular
2789238766,city,Schiedam,addr
2789238766,street,Lieftinckplein,addr
2789238766,date,2014-10-30,source
2789238766,postcode,3119PN,addr
2789238766,housenumber,41,addr
2789239057,source,BAG,regular
2789239057,city,Schiedam,addr
2789239057,street,Dirk Gerhardtstraat,addr
2789239057,date,2014-10-30,source
2789239057,postcode,3119BT,addr
2789239057,housenumber,43,addr
2789239319,source,BAG,regular
2789239319,city,Schiedam,addr
2789239319,street,Monseigneur Nolenslaan,addr
2789239319,date,2014-10-30,source
2789239319,postcode,3119EL,addr
2789239319,housenumber,446,addr
2789239884,source,BAG,regular
2789239884,city,Schiedam,addr
2789239884,street,Delflandseweg,addr
2789239884,date,2014-10-30,source
2789239884,postcode,3119XK,addr
2789239884,housenumber,462,addr
2789240465,source,BAG,regular
2789240465,city,Schiedam,addr
2789240465,street,Roëllstraat,addr
2789240465,date,2014-10-30,source
2789240465,postcode,3119RL,addr
2789240465,housenumber,48,addr
2789241261,source,BAG,regular
2789241261,city,Schiedam,addr
2789241261,street,Delflandseweg,addr
2789241261,date,2014-10-30,source
2789241261,postcode,3119XN,addr
2789241261,housenumber,5,addr
2789241787,source,BAG,regular
2789241787,city,Schiedam,addr
2789241787,street,De Meesterstraat,addr
2789241787,date,2014-10-30,source
2789241787,postcode,3119PH,addr
2789241787,housenumber,51,addr
2789242295,source,BAG,regular
2789242295,city,Schiedam,addr
2789242295,street,Albardastraat,addr
2789242295,date,2014-10-30,source
2789242295,postcode,3119PB,addr
2789242295,housenumber,53,addr
2789242739,source,BAG,regular
2789242739,city,Schiedam,addr
2789242739,street,Monseigneur Nolenslaan,addr
2789242739,date,2014-10-30,source
2789242739,postcode,3119EN,addr
2789242739,housenumber,546,addr
2789243335,source,BAG,regular
2789243335,city,Schiedam,addr
2789243335,street,'s-Gravelandseweg,addr
2789243335,date,2014-10-30,source
2789243335,postcode,3119XT,addr
2789243335,housenumber,561,addr
2789243729,source,BAG,regular
2789243729,city,Schiedam,addr
2789243729,street,Vendelhof,addr
2789243729,date,2014-10-30,source
2789243729,postcode,3119DM,addr
2789243729,housenumber,58,addr
2789244446,source,BAG,regular
2789244446,city,Schiedam,addr
2789244446,street,Damlaan,addr
2789244446,date,2014-10-30,source
2789244446,postcode,3119AA,addr
2789244446,housenumber,6,addr
2789244969,source,BAG,regular
2789244969,city,Schiedam,addr
2789244969,street,Nieuwe Damlaan,addr
2789244969,date,2014-10-30,source
2789244969,postcode,3119AP,addr
2789244969,housenumber,609,addr
2789245647,source,BAG,regular
2789245647,city,Schiedam,addr
2789245647,street,Nieuwe Damlaan,addr
2789245647,date,2014-10-30,source
2789245647,postcode,3119AP,addr
2789245647,housenumber,621,addr
2789246166,source,BAG,regular
2789246166,city,Schiedam,addr
2789246166,street,'s-Gravelandseweg,addr
2789246166,date,2014-10-30,source
2789246166,postcode,3119XT,addr
2789246166,housenumber,639,addr
2789246491,source,BAG,regular
2789246491,city,Schiedam,addr
2789246491,street,'s-Gravelandseweg,addr
2789246491,date,2014-10-30,source
2789246491,postcode,3119NB,addr
2789246491,housenumber,654,addr
2789246955,source,BAG,regular
2789246955,city,Schiedam,addr
2789246955,street,Nieuwe Damlaan,addr
2789246955,date,2014-10-30,source
2789246955,postcode,3119AR,addr
2789246955,housenumber,671,addr
2789247512,source,BAG,regular
2789247512,city,Schiedam,addr
2789247512,street,Schuttersveld,addr
2789247512,date,2014-10-30,source
2789247512,postcode,3119DH,addr
2789247512,housenumber,69,addr
2789247928,source,BAG,regular
2789247928,city,Schiedam,addr
2789247928,street,M.C.M. de Grootstraat,addr
2789247928,date,2014-10-30,source
2789247928,postcode,3119VP,addr
2789247928,housenumber,70,addr
2789248416,source,BAG,regular
2789248416,city,Schiedam,addr
2789248416,street,Alphons Ariënsstraat,addr
2789248416,date,2014-10-30,source
2789248416,postcode,3119VB,addr
2789248416,housenumber,72,addr
2789248654,source,BAG,regular
2789248654,city,Schiedam,addr
2789248654,street,Nieuwe Damlaan,addr
2789248654,date,2014-10-30,source
2789248654,postcode,3119AT,addr
2789248654,housenumber,739,addr
2789248892,source,BAG,regular
2789248892,city,Schiedam,addr
2789248892,street,'s-Gravelandseweg,addr
2789248892,date,2014-10-30,source
2789248892,postcode,3119ND,addr
2789248892,housenumber,758,addr
2789248995,source,BAG,regular
2789248995,city,Schiedam,addr
2789248995,street,Monseigneur Nolenslaan,addr
2789248995,date,2014-10-30,source
2789248995,postcode,3119EV,addr
2789248995,housenumber,770,addr
2789249089,source,BAG,regular
2789249089,city,Schiedam,addr
2789249089,street,Loeffstraat,addr
2789249089,date,2014-10-30,source
2789249089,postcode,3119SE,addr
2789249089,housenumber,79,addr
2789249194,source,BAG,regular
2789249194,city,Schiedam,addr
2789249194,street,M.C.M. de Grootstraat,addr
2789249194,date,2014-10-30,source
2789249194,postcode,3119VN,addr
2789249194,housenumber,8,addr
2789249344,source,BAG,regular
2789249344,city,Schiedam,addr
2789249344,street,Van Heuven Goedhartstraat,addr
2789249344,date,2014-10-30,source
2789249344,postcode,3119RP,addr
2789249344,housenumber,81,addr
2789249515,source,BAG,regular
2789249515,city,Schiedam,addr
2789249515,street,'s-Gravelandseweg,addr
2789249515,date,2014-10-30,source
2789249515,postcode,3119NG,addr
2789249515,housenumber,830,addr
2789249612,source,BAG,regular
2789249612,city,Schiedam,addr
2789249612,street,Van Heuven Goedhartstraat,addr
2789249612,date,2014-10-30,source
2789249612,postcode,3119RP,addr
2789249612,housenumber,85,addr
2789249683,source,BAG,regular
2789249683,city,Schiedam,addr
2789249683,street,Burgemeester Van Haarenlaan,addr
2789249683,date,2014-10-30,source
2789249683,postcode,3119GD,addr
2789249683,housenumber,875C,addr
2789249760,source,BAG,regular
2789249760,city,Schiedam,addr
2789249760,street,Burgemeester Honnerlage Gretelaan,addr
2789249760,date,2014-10-30,source
2789249760,postcode,3119BA,addr
2789249760,housenumber,89D,addr
2789249829,source,BAG,regular
2789249829,city,Schiedam,addr
2789249829,street,Burgemeester Van Haarenlaan,addr
2789249829,date,2014-10-30,source
2789249829,postcode,3119GD,addr
2789249829,housenumber,903,addr
2789250119,source,BAG,regular
2789250119,city,Schiedam,addr
2789250119,street,M.C.M. de Grootstraat,addr
2789250119,date,2014-10-30,source
2789250119,postcode,3119VM,addr
2789250119,housenumber,93,addr
2789250524,source,BAG,regular
2789250524,city,Schiedam,addr
2789250524,street,'s-Gravelandseweg,addr
2789250524,date,2014-10-30,source
2789250524,postcode,3119NJ,addr
2789250524,housenumber,956,addr
2789250795,source,BAG,regular
2789250795,city,Schiedam,addr
2789250795,street,Burgemeester Van Haarenlaan,addr
2789250795,date,2014-10-30,source
2789250795,postcode,3119GG,addr
2789250795,housenumber,977,addr
2789250956,source,BAG,regular
2789250956,city,Schiedam,addr
2789250956,street,Noordvestsingel,addr
2789250956,date,2014-10-30,source
2789250956,postcode,3119DA,addr
2789250956,housenumber,9H,addr
2789310243,source,BAG,regular
2789310243,city,Schiedam,addr
2789310243,street,Vijgensteeg,addr
2789310243,date,2014-10-30,source
2789310243,postcode,3111PT,addr
2789310243,housenumber,1,addr
2789310293,source,BAG,regular
2789310293,city,Schiedam,addr
2789310293,street,Westvest,addr
2789310293,date,2014-10-30,source
2789310293,postcode,3111BZ,addr
2789310293,housenumber,108C,addr
2789310343,source,BAG,regular
2789310343,city,Schiedam,addr
2789310343,street,Groenweegje,addr
2789310343,date,2014-10-30,source
2789310343,postcode,3111PB,addr
2789310343,housenumber,117,addr
2789310394,source,BAG,regular
2789310394,city,Schiedam,addr
2789310394,street,Dam,addr
2789310394,date,2014-10-30,source
2789310394,postcode,3111BD,addr
2789310394,housenumber,12A,addr
2789310444,source,BAG,regular
2789310444,city,Schiedam,addr
2789310444,street,Spinhuispad,addr
2789310444,date,2014-10-30,source
2789310444,postcode,3111PX,addr
2789310444,housenumber,14,addr
2789310520,source,BAG,regular
2789310520,city,Schiedam,addr
2789310520,street,Kethelstraat,addr
2789310520,date,2014-10-30,source
2789310520,postcode,3111PC,addr
2789310520,housenumber,16,addr
2789310604,source,BAG,regular
2789310604,city,Schiedam,addr
2789310604,street,Westvest,addr
2789310604,date,2014-10-30,source
2789310604,postcode,3111BT,addr
2789310604,housenumber,183,addr
2789310743,source,BAG,regular
2789310743,city,Schiedam,addr
2789310743,street,Vlaardingerstraat,addr
2789310743,date,2014-10-30,source
2789310743,postcode,3111BP,addr
2789310743,housenumber,2,addr
2789310943,source,BAG,regular
2789310943,city,Schiedam,addr
2789310943,street,Dam,addr
2789310943,date,2014-10-30,source
2789310943,postcode,3111BC,addr
2789310943,housenumber,23,addr
2789311005,source,BAG,regular
2789311005,city,Schiedam,addr
2789311005,street,Vijgensteeg,addr
2789311005,date,2014-10-30,source
2789311005,postcode,3111PT,addr
2789311005,housenumber,25,addr
2789311067,source,BAG,regular
2789311067,city,Schiedam,addr
2789311067,street,Noordmolenstraat,addr
2789311067,date,2014-10-30,source
2789311067,postcode,3111PD,addr
2789311067,housenumber,28,addr
2789311288,source,BAG,regular
2789311288,city,Schiedam,addr
2789311288,street,Dam,addr
2789311288,date,2014-10-30,source
2789311288,postcode,3111BD,addr
2789311288,housenumber,30,addr
2789311338,source,BAG,regular
2789311338,city,Schiedam,addr
2789311338,street,Spinhuispad,addr
2789311338,date,2014-10-30,source
2789311338,postcode,3111PX,addr
2789311338,housenumber,33,addr
2789311392,source,BAG,regular
2789311392,city,Schiedam,addr
2789311392,street,Spinhuispad,addr
2789311392,date,2014-10-30,source
2789311392,postcode,3111PX,addr
2789311392,housenumber,37,addr
2789311469,source,BAG,regular
2789311469,city,Schiedam,addr
2789311469,street,Oude Sluis,addr
2789311469,date,2014-10-30,source
2789311469,postcode,3111PK,addr
2789311469,housenumber,4,addr
2789311519,source,BAG,regular
2789311519,city,Schiedam,addr
2789311519,street,Noordvest,addr
2789311519,date,2014-10-30,source
2789311519,postcode,3111PH,addr
2789311519,housenumber,44B,addr
2789311613,source,BAG,regular
2789311613,city,Schiedam,addr
2789311613,street,Schie,addr
2789311613,date,2014-10-30,source
2789311613,postcode,3111PN,addr
2789311613,housenumber,50,addr
2789311755,source,BAG,regular
2789311755,city,Schiedam,addr
2789311755,street,Westvest,addr
2789311755,date,2014-10-30,source
2789311755,postcode,3111BT,addr
2789311755,housenumber,55,addr
2789311891,source,BAG,regular
2789311891,city,Schiedam,addr
2789311891,street,Noordvest,addr
2789311891,date,2014-10-30,source
2789311891,postcode,3111PE,addr
2789311891,housenumber,59B,addr
2789312060,source,BAG,regular
2789312060,city,Schiedam,addr
2789312060,street,Lange Haven,addr
2789312060,date,2014-10-30,source
2789312060,postcode,3111CB,addr
2789312060,housenumber,61F,addr
2789312297,source,BAG,regular
2789312297,city,Schiedam,addr
2789312297,street,Lange Haven,addr
2789312297,date,2014-10-30,source
2789312297,postcode,3111CB,addr
2789312297,housenumber,69C,addr
2789312455,source,BAG,regular
2789312455,city,Schiedam,addr
2789312455,street,Westvest,addr
2789312455,date,2014-10-30,source
2789312455,postcode,3111BX,addr
2789312455,housenumber,74,addr
2789312647,source,BAG,regular
2789312647,city,Schiedam,addr
2789312647,street,Raam,addr
2789312647,date,2014-10-30,source
2789312647,postcode,3111PL,addr
2789312647,housenumber,8,addr
2789312825,source,BAG,regular
2789312825,city,Schiedam,addr
2789312825,street,Noordvest,addr
2789312825,date,2014-10-30,source
2789312825,postcode,3111PG,addr
2789312825,housenumber,87,addr
2789313020,source,BAG,regular
2789313020,city,Schiedam,addr
2789313020,street,Spinhuispad,addr
2789313020,date,2014-10-30,source
2789313020,postcode,3111PX,addr
2789313020,housenumber,92,addr
2789356047,source,BAG,regular
2789356047,city,Schiedam,addr
2789356047,street,Laan,addr
2789356047,date,2014-10-30,source
2789356047,postcode,3111JL,addr
2789356047,housenumber,1,addr
2789356152,source,BAG,regular
2789356152,city,Schiedam,addr
2789356152,street,Broersveld,addr
2789356152,date,2014-10-30,source
2789356152,postcode,3111LK,addr
2789356152,housenumber,102A,addr
2789356254,source,BAG,regular
2789356254,city,Schiedam,addr
2789356254,street,St Janshof,addr
2789356254,date,2014-10-30,source
2789356254,postcode,3111KC,addr
2789356254,housenumber,11,addr
2789356375,source,BAG,regular
2789356375,city,Schiedam,addr
2789356375,street,Land van Belofte,addr
2789356375,date,2014-10-30,source
2789356375,postcode,3111NW,addr
2789356375,housenumber,11A,addr
2789356481,source,BAG,regular
2789356481,city,Schiedam,addr
2789356481,street,Hoogstraat,addr
2789356481,date,2014-10-30,source
2789356481,postcode,3111HM,addr
2789356481,housenumber,124,addr
2789356596,source,BAG,regular
2789356596,city,Schiedam,addr
2789356596,street,Broersveld,addr
2789356596,date,2014-10-30,source
2789356596,postcode,3111LG,addr
2789356596,housenumber,133,addr
2789356850,source,BAG,regular
2789356850,city,Schiedam,addr
2789356850,street,Passage,addr
2789356850,date,2014-10-30,source
2789356850,postcode,3111EH,addr
2789356850,housenumber,14,addr
2789356967,source,BAG,regular
2789356967,city,Schiedam,addr
2789356967,street,Hoogstraat,addr
2789356967,date,2014-10-30,source
2789356967,postcode,3111HE,addr
2789356967,housenumber,151D,addr
2789357072,source,BAG,regular
2789357072,city,Schiedam,addr
2789357072,street,Hoogstraat,addr
2789357072,date,2014-10-30,source
2789357072,postcode,3111HG,addr
2789357072,housenumber,163,addr
2789357206,source,BAG,regular
2789357206,city,Schiedam,addr
2789357206,street,Schie,addr
2789357206,date,2014-10-30,source
2789357206,postcode,3111PM,addr
2789357206,housenumber,17C,addr
2789357315,source,BAG,regular
2789357315,city,Schiedam,addr
2789357315,street,Hoogstraat,addr
2789357315,date,2014-10-30,source
2789357315,postcode,3111HP,addr
2789357315,housenumber,196B,addr
2789357416,source,BAG,regular
2789357416,city,Schiedam,addr
2789357416,street,St Janshof,addr
2789357416,date,2014-10-30,source
2789357416,postcode,3111KD,addr
2789357416,housenumber,2,addr
2789357530,source,BAG,regular
2789357530,city,Schiedam,addr
2789357530,street,Broersvest,addr
2789357530,date,2014-10-30,source
2789357530,postcode,3111EA,addr
2789357530,housenumber,21B-2,addr
2789357654,source,BAG,regular
2789357654,city,Schiedam,addr
2789357654,street,Gedempte Baansloot,addr
2789357654,date,2014-10-30,source
2789357654,postcode,3111KB,addr
2789357654,housenumber,24,addr
2789357772,source,BAG,regular
2789357772,city,Schiedam,addr
2789357772,street,Oude Kerkhof,addr
2789357772,date,2014-10-30,source
2789357772,postcode,3111NT,addr
2789357772,housenumber,27,addr
2789357900,source,BAG,regular
2789357900,city,Schiedam,addr
2789357900,street,Broersvest,addr
2789357900,date,2014-10-30,source
2789357900,postcode,3111EA,addr
2789357900,housenumber,29C,addr
2789358006,source,BAG,regular
2789358006,city,Schiedam,addr
2789358006,street,Nieuwe Passage,addr
2789358006,date,2014-10-30,source
2789358006,postcode,3111EG,addr
2789358006,housenumber,30,addr
2789358118,source,BAG,regular
2789358118,city,Schiedam,addr
2789358118,street,Lange Kerkstraat,addr
2789358118,date,2014-10-30,source
2789358118,postcode,3111NN,addr
2789358118,housenumber,33A,addr
2789358316,source,BAG,regular
2789358316,city,Schiedam,addr
2789358316,street,Hoogstraat,addr
2789358316,date,2014-10-30,source
2789358316,postcode,3111HB,addr
2789358316,housenumber,37,addr
2789358622,source,BAG,regular
2789358622,city,Schiedam,addr
2789358622,street,Brede Marktsteeg,addr
2789358622,date,2014-10-30,source
2789358622,postcode,3111NE,addr
2789358622,housenumber,4,addr
2789358739,source,BAG,regular
2789358739,city,Schiedam,addr
2789358739,street,Lange Achterweg,addr
2789358739,date,2014-10-30,source
2789358739,postcode,3111JK,addr
2789358739,housenumber,42,addr
2789358837,source,BAG,regular
2789358837,city,Schiedam,addr
2789358837,street,Hoogstraat,addr
2789358837,date,2014-10-30,source
2789358837,postcode,3111HB,addr
2789358837,housenumber,47,addr
2789358966,source,BAG,regular
2789358966,city,Schiedam,addr
2789358966,street,Korte Kerkstraat,addr
2789358966,date,2014-10-30,source
2789358966,postcode,3111JE,addr
2789358966,housenumber,5,addr
2789359050,source,BAG,regular
2789359050,city,Schiedam,addr
2789359050,street,Hoogstraat,addr
2789359050,date,2014-10-30,source
2789359050,postcode,3111HJ,addr
2789359050,housenumber,54,addr
2789359182,source,BAG,regular
2789359182,city,Schiedam,addr
2789359182,street,Boterstraat,addr
2789359182,date,2014-10-30,source
2789359182,postcode,3111NA,addr
2789359182,housenumber,5C,addr
2789359277,source,BAG,regular
2789359277,city,Schiedam,addr
2789359277,street,Boterstraat,addr
2789359277,date,2014-10-30,source
2789359277,postcode,3111ND,addr
2789359277,housenumber,66,addr
2789359480,source,BAG,regular
2789359480,city,Schiedam,addr
2789359480,street,Herenpad,addr
2789359480,date,2014-10-30,source
2789359480,postcode,3111LN,addr
2789359480,housenumber,7-1,addr
2789359778,source,BAG,regular
2789359778,city,Schiedam,addr
2789359778,street,Hoogstraat,addr
2789359778,date,2014-10-30,source
2789359778,postcode,3111HC,addr
2789359778,housenumber,79,addr
2789359924,source,BAG,regular
2789359924,city,Schiedam,addr
2789359924,street,Lange Kerkstraat,addr
2789359924,date,2014-10-30,source
2789359924,postcode,3111NR,addr
2789359924,housenumber,82,addr
2789360073,source,BAG,regular
2789360073,city,Schiedam,addr
2789360073,street,Korte Dam,addr
2789360073,date,2014-10-30,source
2789360073,postcode,3111BG,addr
2789360073,housenumber,9,addr
2789360301,source,BAG,regular
2789360301,city,Schiedam,addr
2789360301,street,Lange Achterweg,addr
2789360301,date,2014-10-30,source
2789360301,postcode,3111JJ,addr
2789360301,housenumber,99,addr
2844130222,amenity,bench,regular
2844130222,backrest,yes,regular
2847714819,amenity,atm,regular
2900423847,city,Naaldwijk,addr
2900423847,street,Schiereiland,addr
2900423847,postcode,2673CX,addr
2900423847,housenumber,13,addr
2971336910,source,BAG,regular
2971336910,city,Rijswijk,addr
2971336910,street,Anjelier,addr
2971336910,date,2014-10-30,source
2971336910,postcode,2286KR,addr
2971336910,housenumber,16,addr
2971337560,source,BAG,regular
2971337560,city,Rijswijk,addr
2971337560,street,Laan van Sion,addr
2971337560,date,2014-10-30,source
2971337560,postcode,2286LZ,addr
2971337560,housenumber,353,addr
3025339495,source,BAG,regular
3025339495,city,De Lier,addr
3025339495,street,Kreekrug,addr
3025339495,date,2014-10-30,source
3025339495,postcode,2678PR,addr
3025339495,housenumber,16,addr
3025339845,source,BAG,regular
3025339845,city,De Lier,addr
3025339845,street,Kreekrug,addr
3025339845,date,2014-10-30,source
3025339845,postcode,2678PR,addr
3025339845,housenumber,5,addr
3025376895,source,BAG,regular
3025376895,city,De Lier,addr
3025376895,street,Leemidden,addr
3025376895,date,2014-10-30,source
3025376895,postcode,2678ME,addr
3025376895,housenumber,34,addr
3025377454,source,BAG,regular
3025377454,city,De Lier,addr
3025377454,street,Jan van de Laarweg,addr
3025377454,date,2014-10-30,source
3025377454,postcode,2678LH,addr
3025377454,housenumber,10,addr
3025377504,source,BAG,regular
3025377504,city,De Lier,addr
3025377504,street,Jan van de Laarweg,addr
3025377504,date,2014-10-30,source
3025377504,postcode,2678LH,addr
3025377504,housenumber,20,addr
3025378741,source,BAG,regular
3025378741,city,De Lier,addr
3025378741,street,Laan van Vijverberg,addr
3025378741,date,2014-10-30,source
3025378741,postcode,2678LD,addr
3025378741,housenumber,5,addr
3025378791,source,BAG,regular
3025378791,city,De Lier,addr
3025378791,street,Leehove,addr
3025378791,date,2014-10-30,source
3025378791,postcode,2678MC,addr
3025378791,housenumber,80,addr
3025421892,source,BAG,regular
3025421892,city,De Lier,addr
3025421892,street,Hoogweg,addr
3025421892,date,2014-10-30,source
3025421892,postcode,2678KV,addr
3025421892,housenumber,2,addr
3025422242,source,BAG,regular
3025422242,city,De Lier,addr
3025422242,street,Hoogweg,addr
3025422242,date,2014-10-30,source
3025422242,postcode,2678KV,addr
3025422242,housenumber,6A,addr
3025509952,source,BAG,regular
3025509952,city,De Lier,addr
3025509952,street,Burgerdijkseweg,addr
3025509952,date,2014-10-30,source
3025509952,postcode,2678LP,addr
3025509952,housenumber,13A,addr
3025510002,source,BAG,regular
3025510002,city,De Lier,addr
3025510002,street,Burgerdijkseweg,addr
3025510002,date,2014-10-30,source
3025510002,postcode,2678LP,addr
3025510002,housenumber,27A,addr
3025510652,source,BAG,regular
3025510652,city,De Lier,addr
3025510652,street,Kralingerweg,addr
3025510652,date,2014-10-30,source
3025510652,postcode,2678LR,addr
3025510652,housenumber,6,addr
3025581571,source,BAG,regular
3025581571,city,De Lier,addr
3025581571,street,Woudtzicht,addr
3025581571,date,2014-10-30,source
3025581571,postcode,2678NG,addr
3025581571,housenumber,1,addr
3025581621,source,BAG,regular
3025581621,city,De Lier,addr
3025581621,street,Noord-Lierweg,addr
3025581621,date,2014-10-30,source
3025581621,postcode,2678NA,addr
3025581621,housenumber,45,addr
3025586150,source,BAG,regular
3025586150,city,De Lier,addr
3025586150,street,Groeneveldseweg,addr
3025586150,date,2014-10-30,source
3025586150,postcode,2678ND,addr
3025586150,housenumber,7A,addr
3025590766,source,BAG,regular
3025590766,city,De Lier,addr
3025590766,street,Blaker,addr
3025590766,date,2014-10-30,source
3025590766,postcode,2678LW,addr
3025590766,housenumber,20,addr
3025590816,source,BAG,regular
3025590816,city,De Lier,addr
3025590816,street,Laan van Adrichem,addr
3025590816,date,2014-10-30,source
3025590816,postcode,2678CZ,addr
3025590816,housenumber,32,addr
3025594553,source,BAG,regular
3025594553,city,De Lier,addr
3025594553,street,Burgemeester Disselkoenlaan,addr
3025594553,date,2014-10-30,source
3025594553,postcode,2678DW,addr
3025594553,housenumber,12,addr
3025594603,source,BAG,regular
3025594603,city,De Lier,addr
3025594603,street,Blaker,addr
3025594603,date,2014-10-30,source
3025594603,postcode,2678LW,addr
3025594603,housenumber,18,addr
3025595648,source,BAG,regular
3025595648,city,De Lier,addr
3025595648,street,Parklaan,addr
3025595648,date,2014-10-30,source
3025595648,postcode,2678DM,addr
3025595648,housenumber,52,addr
3025595698,source,BAG,regular
3025595698,city,De Lier,addr
3025595698,street,Heemwerf,addr
3025595698,date,2014-10-30,source
3025595698,postcode,2678DP,addr
3025595698,housenumber,8,addr
3027871682,source,BAG,regular
3027871682,city,De Lier,addr
3027871682,street,Oudecampsweg,addr
3027871682,date,2014-10-30,source
3027871682,postcode,2678NN,addr
3027871682,housenumber,41,addr
3027926206,source,BAG,regular
3027926206,city,De Lier,addr
3027926206,street,Heulstraat,addr
3027926206,date,2014-10-30,source
3027926206,postcode,2678TD,addr
3027926206,housenumber,5,addr
3027928341,source,BAG,regular
3027928341,city,De Lier,addr
3027928341,street,Heulstraat,addr
3027928341,date,2014-10-30,source
3027928341,postcode,2678TD,addr
3027928341,housenumber,13,addr
3027928391,source,BAG,regular
3027928391,city,De Lier,addr
3027928391,street,Veilingweg,addr
3027928391,date,2014-10-30,source
3027928391,postcode,2678LN,addr
3027928391,housenumber,32,addr
3027929138,source,BAG,regular
3027929138,city,De Lier,addr
3027929138,street,Jogchem van der Houtweg,addr
3027929138,date,2014-10-30,source
3027929138,postcode,2678AG,addr
3027929138,housenumber,8,addr
3027991724,source,BAG,regular
3027991724,city,De Lier,addr
3027991724,street,Kijckerweg,addr
3027991724,date,2014-10-30,source
3027991724,postcode,2678AG,addr
3027991724,housenumber,106,addr
3027992081,source,BAG,regular
3027992081,city,De Lier,addr
3027992081,street,Harp,addr
3027992081,date,2014-10-30,source
3027992081,postcode,2678HH,addr
3027992081,housenumber,18,addr
3027992131,source,BAG,regular
3027992131,city,De Lier,addr
3027992131,street,De Hondert Margen,addr
3027992131,date,2014-10-30,source
3027992131,postcode,2678AC,addr
3027992131,housenumber,23,addr
3027992262,source,BAG,regular
3027992262,city,De Lier,addr
3027992262,street,Kijckerweg,addr
3027992262,date,2014-10-30,source
3027992262,postcode,2678AC,addr
3027992262,housenumber,121,addr
3027992374,source,BAG,regular
3027992374,city,De Lier,addr
3027992374,street,Harp,addr
3027992374,date,2014-10-30,source
3027992374,postcode,2678HH,addr
3027992374,housenumber,3,addr
3027992424,source,BAG,regular
3027992424,city,De Lier,addr
3027992424,street,Klarinet,addr
3027992424,date,2014-10-30,source
3027992424,postcode,2678HM,addr
3027992424,housenumber,4,addr
3027992572,source,BAG,regular
3027992572,city,De Lier,addr
3027992572,street,Viool,addr
3027992572,date,2014-10-30,source
3027992572,postcode,2678HJ,addr
3027992572,housenumber,51,addr
3027992622,source,BAG,regular
3027992622,city,De Lier,addr
3027992622,street,Tuba,addr
3027992622,date,2014-10-30,source
3027992622,postcode,2678HC,addr
3027992622,housenumber,64,addr
3027992843,source,BAG,regular
3027992843,city,De Lier,addr
3027992843,street,Kijckerweg,addr
3027992843,date,2014-10-30,source
3027992843,postcode,2678AE,addr
3027992843,housenumber,82A,addr
3027992893,source,BAG,regular
3027992893,city,De Lier,addr
3027992893,street,Kijckerweg,addr
3027992893,date,2014-10-30,source
3027992893,postcode,2678AG,addr
3027992893,housenumber,98,addr
3028033432,source,BAG,regular
3028033432,city,De Lier,addr
3028033432,street,Maarten Harpertsz. Trompstraat,addr
3028033432,date,2014-10-30,source
3028033432,postcode,2678GH,addr
3028033432,housenumber,9,addr
3028034219,source,BAG,regular
3028034219,city,De Lier,addr
3028034219,street,Lierweg,addr
3028034219,date,2014-10-30,source
3028034219,postcode,2678CV,addr
3028034219,housenumber,105,addr
3028034291,source,BAG,regular
3028034291,city,De Lier,addr
3028034291,street,Witte de Withstraat,addr
3028034291,date,2014-10-30,source
3028034291,postcode,2678GE,addr
3028034291,housenumber,18,addr
3028034341,source,BAG,regular
3028034341,city,De Lier,addr
3028034341,street,Johan Hendrik van Kinsbergenstraat,addr
3028034341,date,2014-10-30,source
3028034341,postcode,2678GD,addr
3028034341,housenumber,11,addr
3028034391,source,BAG,regular
3028034391,city,De Lier,addr
3028034391,street,Jan van Galenstraat,addr
3028034391,date,2014-10-30,source
3028034391,postcode,2678GJ,addr
3028034391,housenumber,13,addr
3028034441,source,BAG,regular
3028034441,city,De Lier,addr
3028034441,street,Maarten Harpertsz. Trompstraat,addr
3028034441,date,2014-10-30,source
3028034441,postcode,2678GH,addr
3028034441,housenumber,15,addr
3028034575,source,BAG,regular
3028034575,city,De Lier,addr
3028034575,street,Van Weelystraat,addr
3028034575,date,2014-10-30,source
3028034575,postcode,2678AV,addr
3028034575,housenumber,2A,addr
3028034625,source,BAG,regular
3028034625,city,De Lier,addr
3028034625,street,Henry Hudsonstraat,addr
3028034625,date,2014-10-30,source
3028034625,postcode,2678GR,addr
3028034625,housenumber,32,addr
3028034675,source,BAG,regular
3028034675,city,De Lier,addr
3028034675,street,Koningin Wilhelminastraat,addr
3028034675,date,2014-10-30,source
3028034675,postcode,2678EL,addr
3028034675,housenumber,21,addr
3028034725,source,BAG,regular
3028034725,city,De Lier,addr
3028034725,street,Jan van Galenstraat,addr
3028034725,date,2014-10-30,source
3028034725,postcode,2678GJ,addr
3028034725,housenumber,25,addr
3028034857,source,BAG,regular
3028034857,city,De Lier,addr
3028034857,street,Lierweg,addr
3028034857,date,2014-10-30,source
3028034857,postcode,2678CS,addr
3028034857,housenumber,37,addr
3028034907,source,BAG,regular
3028034907,city,De Lier,addr
3028034907,street,Lierweg,addr
3028034907,date,2014-10-30,source
3028034907,postcode,2678CX,addr
3028034907,housenumber,44,addr
3028035157,source,BAG,regular
3028035157,city,De Lier,addr
3028035157,street,Johan Hendrik van Kinsbergenstraat,addr
3028035157,date,2014-10-30,source
3028035157,postcode,2678GD,addr
3028035157,housenumber,5,addr
3028035207,source,BAG,regular
3028035207,city,De Lier,addr
3028035207,street,Hoofdstraat,addr
3028035207,date,2014-10-30,source
3028035207,postcode,2678CG,addr
3028035207,housenumber,55B,addr
3028035441,source,BAG,regular
3028035441,city,De Lier,addr
3028035441,street,Emmastraat,addr
3028035441,date,2014-10-30,source
3028035441,postcode,2678EN,addr
3028035441,housenumber,5K,addr
3028035491,source,BAG,regular
3028035491,city,De Lier,addr
3028035491,street,Lierweg,addr
3028035491,date,2014-10-30,source
3028035491,postcode,2678CT,addr
3028035491,housenumber,75,addr
3028035652,source,BAG,regular
3028035652,city,De Lier,addr
3028035652,street,Michiel Adriaensz. de Ruijterstraat,addr
3028035652,date,2014-10-30,source
3028035652,postcode,2678GA,addr
3028035652,housenumber,63,addr
3028035702,source,BAG,regular
3028035702,city,De Lier,addr
3028035702,street,'t Perron,addr
3028035702,date,2014-10-30,source
3028035702,postcode,2678DA,addr
3028035702,housenumber,7,addr
3028035956,source,BAG,regular
3028035956,city,De Lier,addr
3028035956,street,Emmastraat,addr
3028035956,date,2014-10-30,source
3028035956,postcode,2678EN,addr
3028035956,housenumber,9A,addr
3028054293,source,BAG,regular
3028054293,city,De Lier,addr
3028054293,street,Kerklaan,addr
3028054293,date,2014-10-30,source
3028054293,postcode,2678SZ,addr
3028054293,housenumber,128,addr
3028054836,source,BAG,regular
3028054836,city,De Lier,addr
3028054836,street,Kerklaan,addr
3028054836,date,2014-10-30,source
3028054836,postcode,2678ST,addr
3028054836,housenumber,67A,addr
3028127215,source,BAG,regular
3028127215,city,De Lier,addr
3028127215,street,Noord-Lierweg,addr
3028127215,date,2014-10-30,source
3028127215,postcode,2678LV,addr
3028127215,housenumber,32,addr
3044090406,source,BAG,regular
3044090406,city,De Lier,addr
3044090406,street,Achterlaantje,addr
3044090406,date,2014-10-30,source
3044090406,postcode,2678TC,addr
3044090406,housenumber,10,addr
3044090956,source,BAG,regular
3044090956,city,De Lier,addr
3044090956,street,Van Rijnstraat,addr
3044090956,date,2014-10-30,source
3044090956,postcode,2678BP,addr
3044090956,housenumber,12,addr
3044091026,source,BAG,regular
3044091026,city,De Lier,addr
3044091026,street,Tuinstraat,addr
3044091026,date,2014-10-30,source
3044091026,postcode,2678BK,addr
3044091026,housenumber,16,addr
3044091376,source,BAG,regular
3044091376,city,De Lier,addr
3044091376,street,Molenstraat,addr
3044091376,date,2014-10-30,source
3044091376,postcode,2678BL,addr
3044091376,housenumber,2,addr
3044091550,source,BAG,regular
3044091550,city,De Lier,addr
3044091550,street,Eikenhof,addr
3044091550,date,2014-10-30,source
3044091550,postcode,2678RB,addr
3044091550,housenumber,25,addr
3044091600,source,BAG,regular
3044091600,city,De Lier,addr
3044091600,street,Bleijenburg,addr
3044091600,date,2014-10-30,source
3044091600,postcode,2678BA,addr
3044091600,housenumber,31,addr
3044091659,source,BAG,regular
3044091659,city,De Lier,addr
3044091659,street,Kerklaan,addr
3044091659,date,2014-10-30,source
3044091659,postcode,2678SW,addr
3044091659,housenumber,40,addr
3044091709,source,BAG,regular
3044091709,city,De Lier,addr
3044091709,street,Meidoornhof,addr
3044091709,date,2014-10-30,source
3044091709,postcode,2678RG,addr
3044091709,housenumber,50,addr
3044091859,source,BAG,regular
3044091859,city,De Lier,addr
3044091859,street,Heimond,addr
3044091859,date,2014-10-30,source
3044091859,postcode,2678BH,addr
3044091859,housenumber,63,addr
3044091909,source,BAG,regular
3044091909,city,De Lier,addr
3044091909,street,Heimond,addr
3044091909,date,2014-10-30,source
3044091909,postcode,2678BH,addr
3044091909,housenumber,87,addr
3044636778,source,BAG,regular
3044636778,city,De Lier,addr
3044636778,street,Dorppolderweg,addr
3044636778,date,2014-10-30,source
3044636778,postcode,2678NM,addr
3044636778,housenumber,2,addr
3044636828,source,BAG,regular
3044636828,city,De Lier,addr
3044636828,street,Zijtwende,addr
3044636828,date,2014-10-30,source
3044636828,postcode,2678LS,addr
3044636828,housenumber,41,addr
3044637532,source,BAG,regular
3044637532,city,De Lier,addr
3044637532,street,Oude Liermolenweg,addr
3044637532,date,2014-10-30,source
3044637532,postcode,2678MN,addr
3044637532,housenumber,7A,addr
3044637935,source,BAG,regular
3044637935,city,De Lier,addr
3044637935,street,Oostlaan,addr
3044637935,date,2014-10-30,source
3044637935,postcode,2678NK,addr
3044637935,housenumber,8,addr
3051751098,amenity,recycling,regular
3051751098,recycling_type,container,regular
3063818648,name,EigenWijs,regular
3063818648,source,survey,regular
3063818648,amenity,kindergarten,regular
3063818648,website,www.eigenwijsekids.nl,regular
3086809421,name,H&M,regular
3086809421,shop,clothes,regular
3086809421,source,http://www.hm.com/nl/,regular
3086809421,city,Naaldwijk,addr
3086809421,street,De tuinen,addr
3086809421,number,NL0111,shop
3086809421,country,NL,addr
3086809421,opening_hours,Mo 12:00-17:30; Tu-Th 09:30-17:30; Fr 09:30-21:00; Sa 09:30-17:00,regular
3086809421,housenumber,78,addr
3107952675,amenity,bench,regular
3116280092,natural,tree,regular
3163689688,barrier,gate,regular
3163747825,highway,crossing,regular
3165577264,source,survey,regular
3165577264,leisure,playground,regular
3177245269,name,Knus,regular
3177245269,phone,+3152122990,regular
3177245269,source,survey,regular
3177245269,amenity,boat_rental,regular
3177245269,website,knus.nl,regular
3188735669,emergency,suction_point,regular
3190589345,traffic_sign,NL:G11,regular
3201817005,highway,traffic_signals,regular
3298968148,bus,yes,regular
3298968148,name,Station Delft H,regular
3298968148,zone,5426,regular
3298968148,bench,yes,regular
3298968148,source,Veolia Transport,regular
3298968148,covered,yes,regular
3298968148,highway,bus_stop,regular
3298968148,shelter,yes,regular
3298968148,operator,Veolia Transport,regular
3298968148,route_ref,60;61;62;64,regular
3298968148,public_transport,stop_position,regular
3308042578,name,Verkade & Jacques Kaas- en Wijnkopers,regular
3308042578,shop,deli,regular
3308042578,website,http://www.verkadedelicatessen.nl,regular
3317535469,source,survey,regular
3317535469,amenity,bicycle_parking,regular
3317535469,capacity,8,regular
3327441978,amenity,bench,regular
3342836466,source,survey,regular
3342836466,barrier,gate,regular
3344717656,sport,table_tennis,regular
3344717656,source,survey,regular
3344717656,leisure,pitch,regular
3347512771,source,survey,regular
3347512771,amenity,waste_basket,regular
3350682781,source,survey,regular
3350682781,leisure,playground,regular
3351940979,traffic_sign,NL:G12b,regular
3352431337,traffic_sign,NL:G11,regular
3365622729,highway,traffic_signals,regular
3365622729,railway,signal,regular
3386583206,source,survey,regular
3386583206,leisure,playground,regular
3386583206,start_date,2014,regular
3391445107,source,survey,regular
3391445107,barrier,gate,regular
3393071404,source,survey,regular
3393071404,barrier,gate,regular
3402586955,door,revolving,regular
3402586955,entrance,yes,regular
3413434196,source,survey,regular
3413434196,entrance,yes,regular
3427197896,name,A,regular
3427197896,access,yes,regular
3427197896,entrance,yes,regular
3429293129,power,substation,regular
3429293129,source,survey,regular
3430710063,traffic_sign,NL:A02-30-ZE,regular
3432118375,traffic_sign,NL:A02-30-ZE,regular
3443776554,natural,tree,regular
3452545859,access,destination,regular
3452545859,source,local knowledge,regular
3452545859,barrier,gate,regular
3452545859,motor_vehicle,no,regular
3482773726,highway,street_lamp,regular
3493858176,railway,level_crossing,regular
3590818090,name,Huisartsenpraktijk Van Oosterom en Brooijmans,regular
3590818090,note,Receptenlijn: 015-2564597 Spoednummer: 015-2576401,regular
3590818090,phone,+31 15 256 2100,regular
3590818090,source,https://huisartsoosteromenbrooijmans.praktijkinfo.nl/,regular
3590818090,amenity,doctors,regular
3590818090,website,https://huisartsoosteromenbrooijmans.praktijkinfo.nl/,regular
3590818090,city,Delft,addr
3590818090,street,Brahmslaan,addr
3590818090,postcode,2625BW,addr
3590818090,opening_hours,Mo-Fr 08:00-17:00; We 08:00-12:00,regular
3590818090,housenumber,4,addr
3656410309,source,BAG,regular
3656410309,city,Delft,addr
3656410309,street,Röntgenweg,addr
3656410309,date,2014-10-30,source
3656410309,postcode,2624WW,addr
3656410309,housenumber,875,addr
3656411662,source,BAG,regular
3656411662,city,Delft,addr
3656411662,street,Röntgenweg,addr
3656411662,date,2014-10-30,source
3656411662,postcode,2624BD,addr
3656411662,housenumber,231,addr
3656411712,source,BAG,regular
3656411712,city,Delft,addr
3656411712,street,Röntgenweg,addr
3656411712,date,2014-10-30,source
3656411712,postcode,2624BD,addr
3656411712,housenumber,321,addr
3656413203,source,BAG,regular
3656413203,city,Delft,addr
3656413203,street,Röntgenweg,addr
3656413203,date,2014-10-30,source
3656413203,postcode,2624BD,addr
3656413203,housenumber,129,addr
3656413856,source,BAG,regular
3656413856,city,Delft,addr
3656413856,street,Röntgenweg,addr
3656413856,date,2014-10-30,source
3656413856,postcode,2624WW,addr
3656413856,housenumber,471,addr
3656413962,source,BAG,regular
3656413962,city,Delft,addr
3656413962,street,Röntgenweg,addr
3656413962,date,2014-10-30,source
3656413962,postcode,2624BD,addr
3656413962,housenumber,411,addr
3656414012,source,BAG,regular
3656414012,city,Delft,addr
3656414012,street,Röntgenweg,addr
3656414012,date,2014-10-30,source
3656414012,postcode,2624BD,addr
3656414012,housenumber,61,addr
3656414567,source,BAG,regular
3656414567,city,Delft,addr
3656414567,street,Röntgenweg,addr
3656414567,date,2014-10-30,source
3656414567,postcode,2624WW,addr
3656414567,housenumber,705,addr
3656414617,source,BAG,regular
3656414617,city,Delft,addr
3656414617,street,Röntgenweg,addr
3656414617,date,2014-10-30,source
3656414617,postcode,2624WW,addr
3656414617,housenumber,795,addr
3656414764,source,BAG,regular
3656414764,city,Delft,addr
3656414764,street,Röntgenweg,addr
3656414764,date,2014-10-30,source
3656414764,postcode,2624WW,addr
3656414764,housenumber,951,addr
3656422557,fixme,check correct position,regular
3656422557,entrance,main,regular
3671065205,name,S&T,regular
3671065205,office,company,regular
3703235414,amenity,waste_basket,regular
3764958895,traffic_calming,hump,regular
3779371740,name,Rabobank,regular
3779371740,amenity,atm,regular
3779371740,operator,Rabobank,regular
3779371740,drive_through,no,regular
3792342233,highway,traffic_signals,regular
3924174375,source,BAG,regular
3924174375,city,Vlaardingen,addr
3924174375,street,van Hogendorplaan,addr
3924174375,date,2014-10-30,source
3924174375,postcode,3135BK,addr
3924174375,housenumber,1017C,addr
3924174425,source,BAG,regular
3924174425,city,Vlaardingen,addr
3924174425,street,van Hogendorplaan,addr
3924174425,date,2014-10-30,source
3924174425,postcode,3135BK,addr
3924174425,housenumber,1405,addr
3924178272,source,BAG,regular
3924178272,city,Vlaardingen,addr
3924178272,street,Gedempte Biersloot,addr
3924178272,date,2014-10-30,source
3924178272,postcode,3131HJ,addr
3924178272,housenumber,3z,addr
3924178322,source,BAG,regular
3924178322,city,Vlaardingen,addr
3924178322,street,Gedempte Biersloot,addr
3924178322,date,2014-10-30,source
3924178322,postcode,3131HJ,addr
3924178322,housenumber,5e,addr
3924178572,source,BAG,regular
3924178572,city,Vlaardingen,addr
3924178572,street,Rotterdamseweg,addr
3924178572,date,2014-10-30,source
3924178572,postcode,3135PX,addr
3924178572,housenumber,198D,addr
3924178622,source,BAG,regular
3924178622,city,Vlaardingen,addr
3924178622,street,Rotterdamseweg,addr
3924178622,date,2014-10-30,source
3924178622,postcode,3135PX,addr
3924178622,housenumber,208B,addr
3924178872,source,BAG,regular
3924178872,city,Vlaardingen,addr
3924178872,street,Ambachtsheerstraat,addr
3924178872,date,2014-10-30,source
3924178872,postcode,3134AK,addr
3924178872,housenumber,3,addr
3924180069,source,BAG,regular
3924180069,city,Vlaardingen,addr
3924180069,street,Primulahof,addr
3924180069,date,2014-10-30,source
3924180069,postcode,3135EP,addr
3924180069,housenumber,76,addr
3924180119,source,BAG,regular
3924180119,city,Vlaardingen,addr
3924180119,street,Kornelis Speelmanstraat,addr
3924180119,date,2014-10-30,source
3924180119,postcode,3131BG,addr
3924180119,housenumber,8B,addr
3924482397,source,BAG,regular
3924482397,city,Rozenburg,addr
3924482397,street,Koninginnelaan,addr
3924482397,date,2014-10-30,source
3924482397,postcode,3181GK,addr
3924482397,housenumber,152,addr
3927182941,source,BAG,regular
3927182941,city,Vlaardingen,addr
3927182941,street,Winterkoningstraat,addr
3927182941,date,2014-10-30,source
3927182941,postcode,3136PX,addr
3927182941,housenumber,33,addr
3927314709,source,BAG,regular
3927314709,city,Schiedam,addr
3927314709,street,Willem Passtoorsstraat,addr
3927314709,date,2014-10-30,source
3927314709,postcode,3119HG,addr
3927314709,housenumber,32,addr
3927323743,source,BAG,regular
3927323743,city,Schiedam,addr
3927323743,street,Stellendamsestraat,addr
3927323743,date,2014-10-30,source
3927323743,postcode,3114BX,addr
3927323743,housenumber,13,addr
3927323893,source,BAG,regular
3927323893,city,Schiedam,addr
3927323893,street,Mookhoeksestraat,addr
3927323893,date,2014-10-30,source
3927323893,postcode,3114BZ,addr
3927323893,housenumber,6,addr
3965845255,source,survey,regular
3965845255,mobile_phone,yes,communication
4004364159,railway,crossing,regular
4004364499,railway,crossing,regular
4065443877,source,BAG,regular
4065443877,city,De Lier,addr
4065443877,street,Zwedenstraat,addr
4065443877,date,2014-10-30,source
4065443877,postcode,2678XW,addr
4065443877,housenumber,18,addr
4069569887,source,BAG,regular
4069569887,city,Delft,addr
4069569887,street,Van der Maareltuinen,addr
4069569887,date,2014-10-30,source
4069569887,postcode,2614KN,addr
4069569887,housenumber,19,addr
4069571106,source,BAG,regular
4069571106,city,Delft,addr
4069571106,street,Van der Maareltuinen,addr
4069571106,date,2014-10-30,source
4069571106,postcode,2614KN,addr
4069571106,housenumber,3,addr
4069578113,source,BAG,regular
4069578113,city,Rijswijk,addr
4069578113,street,Van Rijnweg,addr
4069578113,date,2014-10-30,source
4069578113,postcode,2286KC,addr
4069578113,housenumber,70,addr
4069578290,source,BAG,regular
4069578290,city,Rijswijk,addr
4069578290,street,Lavendel,addr
4069578290,date,2014-10-30,source
4069578290,postcode,2286XE,addr
4069578290,housenumber,19,addr
4069578340,source,BAG,regular
4069578340,city,Rijswijk,addr
4069578340,street,Terras van Sion,addr
4069578340,date,2014-10-30,source
4069578340,postcode,2286LX,addr
4069578340,housenumber,40,addr
4109210289,name,Mama Mia,regular
4109210289,amenity,fast_food,regular
4111321510,name,Briljantenschaar Kledingvermaak,regular
4111321510,shop,tailor,regular
4111321510,website,http://www.briljantenschaar.nl/,regular
4111321510,street,Martinus Nijhoflaan,addr
4111321510,housenumber,76,addr
4127631175,name,Mekhong,regular
4127631175,amenity,restaurant,regular
4127631175,cuisine,thai,regular
4127631175,street,Vrouwjuttenland,addr
4127631175,housenumber,11-13,addr
4130694339,name,Intertoys,regular
4130694339,shop,toys,regular
4130694339,website,http://www.intertoys.nl/,regular
4130694339,operator,Intertoys,regular
4130694339,street,Troelstralaan,addr
4130694339,housenumber,59,addr
4177046906,source,BAG,regular
4177046906,city,Delft,addr
4177046906,street,Marconiweg,addr
4177046906,date,2014-10-30,source
4177046906,postcode,2627BA,addr
4177046906,housenumber,13A,addr
4177046957,source,BAG,regular
4177046957,city,Delft,addr
4177046957,street,Cyclotronweg,addr
4177046957,date,2014-10-30,source
4177046957,postcode,2629HN,addr
4177046957,housenumber,59,addr
4181827808,source,BAG,regular
4181827808,city,Delft,addr
4181827808,street,Graaf Floriskade,addr
4181827808,date,2014-10-30,source
4181827808,postcode,2613JV,addr
4181827808,housenumber,4,addr
4261409578,source,BAG,regular
4261409578,city,Maassluis,addr
4261409578,street,Jacob van Heemskercklaan,addr
4261409578,date,2014-10-30,source
4261409578,postcode,3144DK,addr
4261409578,housenumber,72,addr
4261419968,source,BAG,regular
4261419968,city,Maassluis,addr
4261419968,street,Burgemeestersplantsoen,addr
4261419968,date,2014-10-30,source
4261419968,postcode,3145MH,addr
4261419968,housenumber,24,addr
4263162976,name,Galgkade,regular
4263162976,highway,bus_stop,regular
4266785063,source,BAG,regular
4266785063,city,Rijswijk,addr
4266785063,street,Mirabelle,addr
4266785063,date,2014-10-30,source
4266785063,postcode,2286WC,addr
4266785063,housenumber,11,addr
4266785213,source,BAG,regular
4266785213,city,Rijswijk,addr
4266785213,street,Jasmijn,addr
4266785213,date,2014-10-30,source
4266785213,postcode,2286KV,addr
4266785213,housenumber,15,addr
4266785263,source,BAG,regular
4266785263,city,Rijswijk,addr
4266785263,street,Ida Hooftstraat,addr
4266785263,date,2014-10-30,source
4266785263,postcode,2286XV,addr
4266785263,housenumber,2,addr
4266785313,source,BAG,regular
4266785313,city,Delft,addr
4266785313,street,Kortenhoeve,addr
4266785313,date,2014-10-30,source
4266785313,postcode,2614ME,addr
4266785313,housenumber,22,addr
4266785363,source,BAG,regular
4266785363,city,Rijswijk,addr
4266785363,street,Buitensingel,addr
4266785363,date,2014-10-30,source
4266785363,postcode,2286KZ,addr
4266785363,housenumber,27,addr
4266785414,source,BAG,regular
4266785414,city,Rijswijk,addr
4266785414,street,Anna van Hogendorpstraat,addr
4266785414,date,2014-10-30,source
4266785414,postcode,2286XW,addr
4266785414,housenumber,32,addr
4266785467,source,BAG,regular
4266785467,city,Rijswijk,addr
4266785467,street,Buitensingel,addr
4266785467,date,2014-10-30,source
4266785467,postcode,2286KZ,addr
4266785467,housenumber,39,addr
4266785592,source,BAG,regular
4266785592,city,Rijswijk,addr
4266785592,street,Warmoestuin,addr
4266785592,date,2014-10-30,source
4266785592,postcode,2286XZ,addr
4266785592,housenumber,40,addr
4266785643,source,BAG,regular
4266785643,city,Rijswijk,addr
4266785643,street,Mirabelle,addr
4266785643,date,2014-10-30,source
4266785643,postcode,2286WC,addr
4266785643,housenumber,5,addr
4266785693,source,BAG,regular
4266785693,city,Rijswijk,addr
4266785693,street,Buitensingel,addr
4266785693,date,2014-10-30,source
4266785693,postcode,2286KZ,addr
4266785693,housenumber,57,addr
4266785743,source,BAG,regular
4266785743,city,Delft,addr
4266785743,street,Vrouw Rijssensloot,addr
4266785743,date,2014-10-30,source
4266785743,postcode,2614MA,addr
4266785743,housenumber,64,addr
4266785893,source,BAG,regular
4266785893,city,Delft,addr
4266785893,street,Hoflandendreef,addr
4266785893,date,2014-10-30,source
4266785893,postcode,2614MV,addr
4266785893,housenumber,78,addr
4266785943,source,BAG,regular
4266785943,city,Delft,addr
4266785943,street,Hoefslagendreef,addr
4266785943,date,2014-10-30,source
4266785943,postcode,2614ML,addr
4266785943,housenumber,91,addr
4268048867,source,BAG,regular
4268048867,city,Den Hoorn,addr
4268048867,street,Vlaskamp,addr
4268048867,date,2014-10-30,source
4268048867,postcode,2635LE,addr
4268048867,housenumber,10,addr
4268049936,source,BAG,regular
4268049936,city,Den Hoorn,addr
4268049936,street,Egmondland,addr
4268049936,date,2014-10-30,source
4268049936,postcode,2635MX,addr
4268049936,housenumber,15,addr
4268049986,source,BAG,regular
4268049986,city,Den Hoorn,addr
4268049986,street,Koolveld,addr
4268049986,date,2014-10-30,source
4268049986,postcode,2635LD,addr
4268049986,housenumber,2,addr
4268050336,source,BAG,regular
4268050336,city,Den Hoorn,addr
4268050336,street,Koolveld,addr
4268050336,date,2014-10-30,source
4268050336,postcode,2635LD,addr
4268050336,housenumber,28,addr
4268050386,source,BAG,regular
4268050386,city,Den Hoorn,addr
4268050386,street,Koolveld,addr
4268050386,date,2014-10-30,source
4268050386,postcode,2635LD,addr
4268050386,housenumber,4,addr
4268051333,source,BAG,regular
4268051333,city,Den Hoorn,addr
4268051333,street,Keizerin,addr
4268051333,date,2014-10-30,source
4268051333,postcode,2635MC,addr
4268051333,housenumber,65,addr
4268051383,source,BAG,regular
4268051383,city,Delft,addr
4268051383,street,Reinier de Graafweg,addr
4268051383,date,2014-10-30,source
4268051383,postcode,2625AD,addr
4268051383,housenumber,9,addr
4276647294,name,Vlaardingenerdijk,regular
4276647294,highway,bus_stop,regular
4276647294,shelter,yes,regular
4279891337,source,BAG,regular
4279891337,city,Poeldijk,addr
4279891337,street,Sint Marcusstraat,addr
4279891337,date,2014-10-30,source
4279891337,postcode,2685DZ,addr
4279891337,housenumber,18,addr
4293722940,barrier,lift_gate,regular
4301375748,source,BAG,regular
4301375748,city,Delft,addr
4301375748,street,Prof. Schermerhornstraat,addr
4301375748,date,2014-10-30,source
4301375748,postcode,2628PZ,addr
4301375748,housenumber,137,addr
4301377098,source,BAG,regular
4301377098,city,Delft,addr
4301377098,street,Prof. Schermerhornstraat,addr
4301377098,date,2014-10-30,source
4301377098,postcode,2628PX,addr
4301377098,housenumber,229,addr
4301377148,source,BAG,regular
4301377148,city,Delft,addr
4301377148,street,Prof. Schermerhornstraat,addr
4301377148,date,2014-10-30,source
4301377148,postcode,2628PX,addr
4301377148,housenumber,319,addr
4301377598,source,BAG,regular
4301377598,city,Delft,addr
4301377598,street,Prof. Schermerhornstraat,addr
4301377598,date,2014-10-30,source
4301377598,postcode,2628PW,addr
4301377598,housenumber,409,addr
4301377648,source,BAG,regular
4301377648,city,Delft,addr
4301377648,street,Prof. Schermerhornstraat,addr
4301377648,date,2014-10-30,source
4301377648,postcode,2628PW,addr
4301377648,housenumber,499,addr
4301378198,source,BAG,regular
4301378198,city,Delft,addr
4301378198,street,Prof. Schermerhornstraat,addr
4301378198,date,2014-10-30,source
4301378198,postcode,2628PZ,addr
4301378198,housenumber,59,addr
4301378248,source,BAG,regular
4301378248,city,Delft,addr
4301378248,street,Prof. Schermerhornstraat,addr
4301378248,date,2014-10-30,source
4301378248,postcode,2628PW,addr
4301378248,housenumber,681,addr
4301381090,source,BAG,regular
4301381090,city,Delft,addr
4301381090,street,Nieuwelaan,addr
4301381090,date,2014-10-30,source
4301381090,postcode,2611SB,addr
4301381090,housenumber,178M,addr
4301692982,source,BAG,regular
4301692982,city,Delft,addr
4301692982,street,Keizer Karelstraat,addr
4301692982,date,2014-10-30,source
4301692982,postcode,2613JW,addr
4301692982,housenumber,25,addr
4303223570,source,BAG,regular
4303223570,city,Schiedam,addr
4303223570,street,Jan Oudegeeststraat,addr
4303223570,date,2014-10-30,source
4303223570,postcode,3119HH,addr
4303223570,housenumber,5,addr
4318043597,source,BAG,regular
4318043597,city,Naaldwijk,addr
4318043597,street,Prins Hendrikstraat,addr
4318043597,date,2014-10-30,source
4318043597,postcode,2671JG,addr
4318043597,housenumber,1C,addr
4318077207,source,BAG,regular
4318077207,city,Naaldwijk,addr
4318077207,street,Turresstraat,addr
4318077207,date,2014-10-30,source
4318077207,postcode,2672HJ,addr
4318077207,housenumber,14,addr
4318077257,source,BAG,regular
4318077257,city,Naaldwijk,addr
4318077257,street,Turresstraat,addr
4318077257,date,2014-10-30,source
4318077257,postcode,2672HJ,addr
4318077257,housenumber,21,addr
4318077307,source,BAG,regular
4318077307,city,Naaldwijk,addr
4318077307,street,Laterastraat,addr
4318077307,date,2014-10-30,source
4318077307,postcode,2672HE,addr
4318077307,housenumber,33,addr
4318077357,source,BAG,regular
4318077357,city,Naaldwijk,addr
4318077357,street,Strigastraat,addr
4318077357,date,2014-10-30,source
4318077357,postcode,2672HG,addr
4318077357,housenumber,52,addr
4318077607,source,BAG,regular
4318077607,city,Naaldwijk,addr
4318077607,street,Strigastraat,addr
4318077607,date,2014-10-30,source
4318077607,postcode,2672HG,addr
4318077607,housenumber,8,addr
4318095464,source,BAG,regular
4318095464,city,Naaldwijk,addr
4318095464,street,Zuidweg,addr
4318095464,date,2014-10-30,source
4318095464,postcode,2671MP,addr
4318095464,housenumber,47A,addr
4318095614,source,BAG,regular
4318095614,city,Naaldwijk,addr
4318095614,street,Professor Holwerdalaan,addr
4318095614,date,2014-10-30,source
4318095614,postcode,2672LD,addr
4318095614,housenumber,91,addr
4323537072,source,BAG,regular
4323537072,city,Delft,addr
4323537072,street,Martinus Nijhofflaan,addr
4323537072,date,2014-10-30,source
4323537072,postcode,2624ME,addr
4323537072,housenumber,102,addr
4323537122,source,BAG,regular
4323537122,city,Delft,addr
4323537122,street,Martinus Nijhofflaan,addr
4323537122,date,2014-10-30,source
4323537122,postcode,2624ME,addr
4323537122,housenumber,208,addr
4323537172,source,BAG,regular
4323537172,city,Delft,addr
4323537172,street,Martinus Nijhofflaan,addr
4323537172,date,2014-10-30,source
4323537172,postcode,2624MG,addr
4323537172,housenumber,324,addr
4323537422,source,BAG,regular
4323537422,city,Delft,addr
4323537422,street,Martinus Nijhofflaan,addr
4323537422,date,2014-10-30,source
4323537422,postcode,2624MG,addr
4323537422,housenumber,424,addr
4323665692,source,BAG,regular
4323665692,city,Delft,addr
4323665692,street,Martinus Nijhofflaan,addr
4323665692,date,2014-10-30,source
4323665692,postcode,2624ES,addr
4323665692,housenumber,2B-8,addr
4323665742,source,BAG,regular
4323665742,city,Delft,addr
4323665742,street,Martinus Nijhofflaan,addr
4323665742,date,2014-10-30,source
4323665742,postcode,2624ES,addr
4323665742,housenumber,2D-16,addr
4323666992,source,BAG,regular
4323666992,city,Delft,addr
4323666992,street,Martinus Nijhofflaan,addr
4323666992,date,2014-10-30,source
4323666992,postcode,2624ES,addr
4323666992,housenumber,2F-2,addr
4323667042,source,BAG,regular
4323667042,city,Delft,addr
4323667042,street,Martinus Nijhofflaan,addr
4323667042,date,2014-10-30,source
4323667042,postcode,2624ES,addr
4323667042,housenumber,2H-7,addr
4326021296,noexit,yes,regular
4332811108,natural,tree,regular
4333534202,source,BAG,regular
4333534202,city,Rijswijk,addr
4333534202,street,Spieringsweteringweg,addr
4333534202,date,2014-10-30,source
4333534202,postcode,2286KG,addr
4333534202,housenumber,26,addr
4335167839,name,Proosje,regular
4335167839,tourism,artwork,regular
4335167839,artwork_type,sculpture,regular
4343631735,source,BAG,regular
4343631735,city,Schipluiden,addr
4343631735,street,Agnes Croesinklaan,addr
4343631735,date,2014-10-30,source
4343631735,postcode,2636HM,addr
4343631735,housenumber,24b,addr
4346131837,source,BAG,regular
4346131837,city,Maassluis,addr
4346131837,street,Burgemeester Van de Brandelerlaan,addr
4346131837,date,2014-10-30,source
4346131837,postcode,3145MA,addr
4346131837,housenumber,92,addr
4346139062,source,BAG,regular
4346139062,city,Maassluis,addr
4346139062,street,Koningshoek,addr
4346139062,date,2014-10-30,source
4346139062,postcode,3144BA,addr
4346139062,housenumber,91105,addr
4350113036,source,BAG,regular
4350113036,city,Maasland,addr
4350113036,street,Hildegaarde,addr
4350113036,date,2014-10-30,source
4350113036,postcode,3155VC,addr
4350113036,housenumber,1f,addr
4401224098,natural,tree,regular
4402391190,information,map,regular
4402391190,map_size,region,regular
4402391190,map_type,topo,regular
4402391190,tourism,information,regular
4406073715,denotation,urban,regular
4406073715,leaf_cycle,evergreen,regular
4406073715,leaf_type,needleleaved,regular
4406073715,natural,tree,regular
4410047953,city,Maassluis,addr
4410047953,housenumber,4,addr
4410047953,postcode,3141BG,addr
4410047953,street,Guido Gezellestraat,addr
4410047953,source,BAG,regular
4410047953,date,2014-10-30,source
4413128761,amenity,bicycle_parking,regular
4417868105,city,Delft,addr
4417868105,housenumber,71,addr
4417868105,postcode,2612TP,addr
4417868105,street,Meidoornlaan,addr
4417868105,source,BAG,regular
4417868105,date,2014-10-30,source
4427415785,city,Wateringen,addr
4427415785,housenumber,1,addr
4427415785,postcode,2291ZN,addr
4427415785,street,Finkenflügelstraat,addr
4427415785,source,BAG,regular
4427415785,date,2014-10-30,source
4442369096,city,Delft,addr
4442369096,housenumber,15,addr
4442369096,postcode,2611BV,addr
4442369096,street,Stationsplein,addr
4442369096,source,BAG,regular
4442369096,date,2014-10-30,source
4442369146,city,Delft,addr
4442369146,housenumber,25E,addr
4442369146,postcode,2611GE,addr
4442369146,street,Burgwal,addr
4442369146,source,BAG,regular
4442369146,date,2014-10-30,source
4442369196,city,Delft,addr
4442369196,housenumber,2B-12,addr
4442369196,postcode,2611BM,addr
4442369196,street,Barbarasteeg,addr
4442369196,source,BAG,regular
4442369196,date,2014-10-30,source
4442369246,city,Delft,addr
4442369246,housenumber,2D-15,addr
4442369246,postcode,2611BM,addr
4442369246,street,Barbarasteeg,addr
4442369246,source,BAG,regular
4442369246,date,2014-10-30,source
4442369296,city,Delft,addr
4442369296,housenumber,37B,addr
4442369296,postcode,2611KL,addr
4442369296,street,Trompetstraat,addr
4442369296,source,BAG,regular
4442369296,date,2014-10-30,source
4442369346,city,Delft,addr
4442369346,housenumber,3A-9,addr
4442369346,postcode,2628EB,addr
4442369346,street,Kanaalweg,addr
4442369346,source,BAG,regular
4442369346,date,2014-10-30,source
4442369496,city,Delft,addr
4442369496,housenumber,63C,addr
4442369496,postcode,2611PM,addr
4442369496,street,Achterom,addr
4442369496,source,BAG,regular
4442369496,date,2014-10-30,source
4443288063,city,Delft,addr
4443288063,housenumber,15J,addr
4443288063,postcode,2624ER,addr
4443288063,street,Martinus Nijhofflaan,addr
4443288063,source,BAG,regular
4443288063,date,2014-10-30,source
4446473323,city,Vlaardingen,addr
4446473323,housenumber,263,addr
4446473323,postcode,3132EE,addr
4446473323,street,van Baerlestraat,addr
4446473323,source,BAG,regular
4446473323,date,2014-10-30,source
4446509689,city,Vlaardingen,addr
4446509689,housenumber,7,addr
4446509689,postcode,3136LR,addr
4446509689,street,Francijntje de Kadtlaan,addr
4446509689,source,BAG,regular
4446509689,date,2014-10-30,source
4446516610,city,Vlaardingen,addr
4446516610,housenumber,100Z-47,addr
4446516610,postcode,3136CZ,addr
4446516610,street,Graaf Walramlaan,addr
4446516610,source,BAG,regular
4446516610,date,2014-10-30,source
4446516660,city,Vlaardingen,addr
4446516660,housenumber,134,addr
4446516660,postcode,3136CZ,addr
4446516660,street,Graaf Walramlaan,addr
4446516660,source,BAG,regular
4446516660,date,2014-10-30,source
4446517110,city,Vlaardingen,addr
4446517110,housenumber,58,addr
4446517110,postcode,3136CZ,addr
4446517110,street,Graaf Walramlaan,addr
4446517110,source,BAG,regular
4446517110,date,2014-10-30,source
